vm_vector body ($tset JTAG_TCK, JTAG_TDI, JTAG_TMS, JTAG_TRSTN,
 JTAG_TDO, JTAG_SEL, TESTMODE, CFSB, RESETN, (CTRL_GPIO_0, CTRL_GPIO_1,
 CTRL_GPIO_2), CLKREQ, I2C0_SDA, I2C0_SCL, TIME_SYNC, (BOOT_CFG_0, BOOT_CFG_1,
 BOOT_CFG_2), CCS_UART_TX, CCS_UART_RX, HOLD_RESET, (BT_GPIO_6, BT_GPIO_7),
 WL_DBG_UART_TX, CCS_UART_CTS, CCS_UART_RTS, PPM_ALERT, (BID0, BID1, BID2),
 (PMU_DVFS_0, PMU_DVFS_1), (BT_FEM_CTRL_DED_2G_0, BT_FEM_CTRL_DED_2G_1,
 BT_FEM_CTRL_DED_2G_2), (WLBT_FEM_CTRL_SE_0, WLBT_FEM_CTRL_SE_1,
 WLBT_FEM_CTRL_SE_2), (WLBT_ELNA_CTRL_2G_C0, WLBT_ELNA_CTRL_2G_C1,
 WLBT_ELNA_CTRL_5G_C0, WLBT_ELNA_CTRL_5G_C1), (TR_SW_SPARE_0, TR_SW_SPARE_1,
 TR_SW_SPARE_2, TR_SW_SPARE_3), (WLBT_ANT_DIV_0, WLBT_ANT_DIV_1,
 WLBT_ANT_DIV_2), (WLBT_TR_SW_5G_C0_1, WLBT_TR_SW_5G_C1_1, WLBT_TR_SW_5G_C0_0,
 WLBT_TR_SW_5G_C1_0), FE_SW_PLX_CTRL, (BT_TR_SW_DED_2G_0, BT_TR_SW_DED_2G_1),
 (WLBT_TR_SW_2G_C0_1, WLBT_TR_SW_2G_C1_1, WLBT_TR_SW_2G_C0_0),
 (WLBT_RFFE0_RST_N_2G, WLBT_RFFE0_RST_N_5G, WLBT_RFFE1_RST_N_2G,
 WLBT_RFFE1_RST_N_5G), WLBT_RFFE0_CLK, WLBT_RFFE0_DATA, WLBT_RFFE1_CLK,
 WLBT_RFFE1_DATA, PERST, SPMI_M_CLK, SPMI_M_DATA, HEBSPMI0_CLK, HEBSPMI0_DATA,
 COEXSPMI1_CLK, COEXSPMI1_DATA, SOC_WD, (BT_GPIO_0, BT_GPIO_1, BT_GPIO_2,
 BT_GPIO_3, BT_GPIO_4, BT_GPIO_5), SE_TO_BT_PKT_READY, (WL_GPIO_0, WL_GPIO_1),
 TST_CLKOUT, WAKE, COEX_RTA_0_QSPI_CK, COEX_RTA_1_QSPI_CSN,
 (COEX_RTA_2_QSPI_DQ0, COEX_RTA_3_QSPI_DQ1, COEX_RTA_4_QSPI_DQ2),
 COEX_GPIO_TOUCH_ID_QSPI_DQ3, COEX_UWB_GRANT_OR_DENY, COEX_GPIO_SPARE7,
 BT_DBG_UART_TX, BT_UART_TX, BT_UART_RX, BT_UART_CTS, BT_UART_RTS,
 WLBT_TR_SW_2G_C1_0 )

{
body:
//
//          J J J J J J T C R CCC C I I T BBB C C H BB W C C P BBB PP BBB WWW WWWW TTTT WWW WWWW F BB WWW WWWW W W W W P S S H H C C S BBBBBB S WW T W C C CCC C C C B B B B B W
//          T T T T T T E F E TTT L 2 2 I OOO C C O TT L C C P III MM TTT LLL LLLL RRRR LLL LLLL E TT LLL LLLL L L L L E P P E E O O O TTTTTT E LL S A O O OOO O O O T T T T T L
//          A A A A A A S S S RRR K C C M OOO S S L __ _ S S M DDD UU ___ BBB BBBB ____ BBB BBBB _ __ BBB BBBB B B B B R M M B B E E C ______ _ __ T K E E EEE E E E _ _ _ _ _ B
//          G G G G G G T B E LLL R 0 0 E TTT _ _ D GG D _ _ _ 012 __ FFF TTT TTTT SSSS TTT TTTT S TT TTT TTTT T T T T S I I S S X X _ GGGGGG T GG _ E X X XXX X X X D U U U U T
//          _ _ _ _ _ _ M   T ___ E _ _ _ ___ U U _ PP B U U A     DD EEE ___ ____ WWWW ___ ____ W RR ___ ____ _ _ _ _ T _ _ P P S S W PPPPPP O PP C   _ _ ___ _ _ _ B A A A A _
//          T T T T T S O   N GGG Q S S S CCC A A R II G A A L     VV MMM FFF EEEE ____ AAA TTTT _ __ TTT RRRR R R R R   M M M M P P D IIIIII _ II L   R R RRR G U G G R R R R T
//          C D M R D E D     PPP   D C Y FFF R R E OO _ R R E     FF ___ EEE LLLL SSSS NNN RRRR P SS RRR FFFF F F F F   _ _ I I M M   OOOOOO B OO K   T T TTT P W P _ T T T T R
//          K I S S O L E     III   A L N GGG T T S __ U T T R     SS CCC MMM NNNN PPPP TTT ____ L WW ___ FFFF F F F F   C D 0 0 I I   ______ T __ O   A A AAA I B I U _ _ _ _ _
//                T           OOO       C ___ _ _ E 67 A _ _ T     __ TTT ___ AAAA AAAA ___ SSSS X __ SSS EEEE E E E E   L A _ _ 1 1   012345 _ 01 U   _ _ ___ O _ O A T R C R S
//                N           ___         012 T R T    R C R       01 RRR CCC ____ RRRR DDD WWWW _ DD WWW 0011 0 0 1 1   K T C D _ _          P    T   0 1 234 _ G _ R X X T T W
//                            012             X X      T T T          LLL TTT CCCC EEEE III ____ C EE ___ ____ _ _ _ _     A L A C D          K        _ _ ___ T R S T     S S _
//                                                     _ S S          ___ RRR TTTT ____ VVV 5555 T DD 222 RRRR C D C D       K T L A          T        Q Q QQQ O A P _         2
//                                                     T              DDD LLL RRRR 0123 ___ GGGG R __ GGG SSSS L A L A         A K T          _        S S SSS U N A T         G
//                                                     X              EEE ___ LLLL      012 ____ L 22 ___ TTTT K T K T             A          R        P P PPP C T R X         _
//                                                                    DDD SSS ____          CCCC   GG CCC ____   A   A                        E        I I III H _ E           C
//                                                                    ___ EEE 2255          0101   __ 010 NNNN                                A        _ _ ___ _ O 7           1
//                                                                    222 ___ GGGG          ____   01 ___ ____                                D        C C DDD I R             _
//                                                                    GGG 012 ____          1100      110 2525                                Y        K S QQQ D _             0
//                                                                    ___     CCCC                        GGGG                                           N 012 _ D              
//                                                                    012     0101                                                                             Q E              
//                                                                                                                                                             S N              
//                                                                                                                                                             P Y              
//                                                                                                                                                             I                
//                                                                                                                                                             _                
//                                                                                                                                                             D                
//                                                                                                                                                             Q                
//                                                                                                                                                             3                
//

 > tsetJTAG 1 0 0 1 X 1 1 1 1 000 0 0 0 0 001 0 1 0 00 1 1 0 0 000 00 000 000 0000 0000 000 0000 0 00 000 0000 0 0 0 0 0 0 0 0 0 0 0 0 000000 0 00 0 0 0 0 000 0 0 0 1 0 0 0 0 0 ; // 0 V:0 C:1 
 > tsetJTAG 1 0 1 1 X 1 1 1 1 000 0 0 0 0 001 0 1 0 00 1 1 0 0 000 00 000 000 0000 0000 000 0000 0 00 000 0000 0 0 0 0 0 0 0 0 0 0 0 0 000000 0 00 0 0 0 0 000 0 0 0 1 0 0 0 0 0 ; // 21 V:1 C:2 
 > tsetJTAG 1 0 1 1 X 1 1 1 1 000 0 0 0 0 001 0 1 0 00 1 1 0 0 000 00 000 000 0000 0000 000 0000 0 00 000 0000 0 0 0 0 0 0 0 0 0 0 0 0 000000 0 00 0 0 0 0 000 0 0 0 1 0 0 0 0 0 ; // 42 V:2 C:3 
 > tsetJTAG 1 0 0 1 X 1 1 1 1 000 0 0 0 0 001 0 1 0 00 1 1 0 0 000 00 000 000 0000 0000 000 0000 0 00 000 0000 0 0 0 0 0 0 0 0 0 0 0 0 000000 0 00 0 0 0 0 000 0 0 0 1 0 0 0 0 0 ; // 63 V:3 C:4 
 > tsetJTAG 1 0 0 1 X 1 1 1 1 000 0 0 0 0 001 0 1 0 00 1 1 0 0 000 00 000 000 0000 0000 000 0000 0 00 000 0000 0 0 0 0 0 0 0 0 0 0 0 0 000000 0 00 0 0 0 0 000 0 0 0 1 0 0 0 0 0 ; // 84 V:4 C:5 
 > tsetJTAG 1 1 0 1 X 1 1 1 1 000 0 0 0 0 001 0 1 0 00 1 1 0 0 000 00 000 000 0000 0000 000 0000 0 00 000 0000 0 0 0 0 0 0 0 0 0 0 0 0 000000 0 00 0 0 0 0 000 0 0 0 1 0 0 0 0 0 ; // 104 V:5 C:6 
 > tsetJTAG 1 0 0 1 X 1 1 1 1 000 0 0 0 0 001 0 1 0 00 1 1 0 0 000 00 000 000 0000 0000 000 0000 0 00 000 0000 0 0 0 0 0 0 0 0 0 0 0 0 000000 0 00 0 0 0 0 000 0 0 0 1 0 0 0 0 0 ; // 125 V:6 C:7 
 > tsetJTAG 1 1 0 1 X 1 1 1 1 000 0 0 0 0 001 0 1 0 00 1 1 0 0 000 00 000 000 0000 0000 000 0000 0 00 000 0000 0 0 0 0 0 0 0 0 0 0 0 0 000000 0 00 0 0 0 0 000 0 0 0 1 0 0 0 0 0 ; // 146 V:7 C:8 
repeat 4
 > tsetJTAG 1 0 0 1 X 1 1 1 1 000 0 0 0 0 001 0 1 0 00 1 1 0 0 000 00 000 000 0000 0000 000 0000 0 00 000 0000 0 0 0 0 0 0 0 0 0 0 0 0 000000 0 00 0 0 0 0 000 0 0 0 1 0 0 0 0 0 ; // 167 V:8 C:9 
 > tsetJTAG 1 1 1 1 X 1 1 1 1 000 0 0 0 0 001 0 1 0 00 1 1 0 0 000 00 000 000 0000 0000 000 0000 0 00 000 0000 0 0 0 0 0 0 0 0 0 0 0 0 000000 0 00 0 0 0 0 000 0 0 0 1 0 0 0 0 0 ; // 251 V:9 C:13 
 > tsetJTAG 1 0 1 1 X 1 1 1 1 000 0 0 0 0 001 0 1 0 00 1 1 0 0 000 00 000 000 0000 0000 000 0000 0 00 000 0000 0 0 0 0 0 0 0 0 0 0 0 0 000000 0 00 0 0 0 0 000 0 0 0 1 0 0 0 0 0 ; // 272 V:10 C:14 
 > tsetJTAG 1 0 0 1 X 1 1 1 1 000 0 0 0 0 001 0 1 0 00 1 1 0 0 000 00 000 000 0000 0000 000 0000 0 00 000 0000 0 0 0 0 0 0 0 0 0 0 0 0 000000 0 00 0 0 0 0 000 0 0 0 1 0 0 0 0 0 ; // 293 V:11 C:15 
 > tsetJTAG 1 0 0 1 X 1 1 1 1 000 0 0 0 0 001 0 1 0 00 1 1 0 0 000 00 000 000 0000 0000 000 0000 0 00 000 0000 0 0 0 0 0 0 0 0 0 0 0 0 000000 0 00 0 0 0 0 000 0 0 0 1 0 0 0 0 0 ; // 314 V:12 C:16 
 > tsetJTAG 1 0 0 1 X 1 1 1 1 000 0 0 0 0 001 0 1 0 00 1 1 0 0 000 00 000 000 0000 0000 000 0000 0 00 000 0000 0 0 0 0 0 0 0 0 0 0 0 0 000000 0 00 0 0 0 0 000 0 0 0 1 0 0 0 0 0 ; // 334 V:13 C:17 
 > tsetJTAG 1 0 1 1 X 1 1 1 1 000 0 0 0 0 001 0 1 0 00 1 1 0 0 000 00 000 000 0000 0000 000 0000 0 00 000 0000 0 0 0 0 0 0 0 0 0 0 0 0 000000 0 00 0 0 0 0 000 0 0 0 1 0 0 0 0 0 ; // 355 V:14 C:18 
 > tsetJTAG 1 0 0 1 X 1 1 1 1 000 0 0 0 0 001 0 1 0 00 1 1 0 0 000 00 000 000 0000 0000 000 0000 0 00 000 0000 0 0 0 0 0 0 0 0 0 0 0 0 000000 0 00 0 0 0 0 000 0 0 0 1 0 0 0 0 0 ; // 376 V:15 C:19 
 > tsetJTAG 1 0 0 1 X 1 1 1 1 000 0 0 0 0 001 0 1 0 00 1 1 0 0 000 00 000 000 0000 0000 000 0000 0 00 000 0000 0 0 0 0 0 0 0 0 0 0 0 0 000000 0 00 0 0 0 0 000 0 0 0 1 0 0 0 0 0 ; // 397 V:16 C:20 
 > tsetJTAG 1 0 0 1 X 1 1 1 1 000 0 0 0 0 001 0 1 0 00 1 1 0 0 000 00 000 000 0000 0000 000 0000 0 00 000 0000 0 0 0 0 0 0 0 0 0 0 0 0 000000 0 00 0 0 0 0 000 0 0 0 1 0 0 0 0 0 ; // 418 V:17 C:21 
// CH_WRSTN_REG__wrstn_pd_bt_mac 
 > tsetJTAG 1 0 0 1 X 1 1 1 1 000 0 0 0 0 001 0 1 0 00 1 1 0 0 000 00 000 000 0000 0000 000 0000 0 00 000 0000 0 0 0 0 0 0 0 0 0 0 0 0 000000 0 00 0 0 0 0 000 0 0 0 1 0 0 0 0 0 ; // 439 V:18 C:22 
// CH_WRSTN_REG__wrstn_pd_bt_phym 
 > tsetJTAG 1 0 0 1 X 1 1 1 1 000 0 0 0 0 001 0 1 0 00 1 1 0 0 000 00 000 000 0000 0000 000 0000 0 00 000 0000 0 0 0 0 0 0 0 0 0 0 0 0 000000 0 00 0 0 0 0 000 0 0 0 1 0 0 0 0 0 ; // 460 V:19 C:23 
// CH_WRSTN_REG__wrstn_pd_bt_phym_5g 
 > tsetJTAG 1 0 0 1 X 1 1 1 1 000 0 0 0 0 001 0 1 0 00 1 1 0 0 000 00 000 000 0000 0000 000 0000 0 00 000 0000 0 0 0 0 0 0 0 0 0 0 0 0 000000 0 00 0 0 0 0 000 0 0 0 1 0 0 0 0 0 ; // 481 V:20 C:24 
// CH_WRSTN_REG__wrstn_pd_bt_scan 
 > tsetJTAG 1 0 0 1 X 1 1 1 1 000 0 0 0 0 001 0 1 0 00 1 1 0 0 000 00 000 000 0000 0000 000 0000 0 00 000 0000 0 0 0 0 0 0 0 0 0 0 0 0 000000 0 00 0 0 0 0 000 0 0 0 1 0 0 0 0 0 ; // 502 V:21 C:25 
// CH_WRSTN_REG__wrstn_pd_lmac_soc 
 > tsetJTAG 1 0 0 1 X 1 1 1 1 000 0 0 0 0 001 0 1 0 00 1 1 0 0 000 00 000 000 0000 0000 000 0000 0 00 000 0000 0 0 0 0 0 0 0 0 0 0 0 0 000000 0 00 0 0 0 0 000 0 0 0 1 0 0 0 0 0 ; // 522 V:22 C:26 
// CH_WRSTN_REG__wrstn_pd_lmac_core 
 > tsetJTAG 1 0 0 1 X 1 1 1 1 000 0 0 0 0 001 0 1 0 00 1 1 0 0 000 00 000 000 0000 0000 000 0000 0 00 000 0000 0 0 0 0 0 0 0 0 0 0 0 0 000000 0 00 0 0 0 0 000 0 0 0 1 0 0 0 0 0 ; // 543 V:23 C:27 
// CH_WRSTN_REG__wrstn_pd_scan_mac 
 > tsetJTAG 1 0 0 1 X 1 1 1 1 000 0 0 0 0 001 0 1 0 00 1 1 0 0 000 00 000 000 0000 0000 000 0000 0 00 000 0000 0 0 0 0 0 0 0 0 0 0 0 0 000000 0 00 0 0 0 0 000 0 0 0 1 0 0 0 0 0 ; // 564 V:24 C:28 
// CH_WRSTN_REG__wrstn_pd_umac_cpu_tx 
 > tsetJTAG 1 0 0 1 X 1 1 1 1 000 0 0 0 0 001 0 1 0 00 1 1 0 0 000 00 000 000 0000 0000 000 0000 0 00 000 0000 0 0 0 0 0 0 0 0 0 0 0 0 000000 0 00 0 0 0 0 000 0 0 0 1 0 0 0 0 0 ; // 585 V:25 C:29 
// CH_WRSTN_REG__wrstn_pd_umac_soc_rx 
 > tsetJTAG 1 0 0 1 X 1 1 1 1 000 0 0 0 0 001 0 1 0 00 1 1 0 0 000 00 000 000 0000 0000 000 0000 0 00 000 0000 0 0 0 0 0 0 0 0 0 0 0 0 000000 0 00 0 0 0 0 000 0 0 0 1 0 0 0 0 0 ; // 606 V:26 C:30 
// CH_WRSTN_REG__wrstn_pd_wifi_phy_2g_misc 
 > tsetJTAG 1 0 0 1 X 1 1 1 1 000 0 0 0 0 001 0 1 0 00 1 1 0 0 000 00 000 000 0000 0000 000 0000 0 00 000 0000 0 0 0 0 0 0 0 0 0 0 0 0 000000 0 00 0 0 0 0 000 0 0 0 1 0 0 0 0 0 ; // 627 V:27 C:31 
// CH_WRSTN_REG__wrstn_pd_wifi_phy_2g_rx_be 
 > tsetJTAG 1 0 0 1 X 1 1 1 1 000 0 0 0 0 001 0 1 0 00 1 1 0 0 000 00 000 000 0000 0000 000 0000 0 00 000 0000 0 0 0 0 0 0 0 0 0 0 0 0 000000 0 00 0 0 0 0 000 0 0 0 1 0 0 0 0 0 ; // 648 V:28 C:32 
// CH_WRSTN_REG__wrstn_pd_wifi_phy_2g_rx_fd 
 > tsetJTAG 1 0 0 1 X 1 1 1 1 000 0 0 0 0 001 0 1 0 00 1 1 0 0 000 00 000 000 0000 0000 000 0000 0 00 000 0000 0 0 0 0 0 0 0 0 0 0 0 0 000000 0 00 0 0 0 0 000 0 0 0 1 0 0 0 0 0 ; // 669 V:29 C:33 
// CH_WRSTN_REG__wrstn_pd_wifi_phy_2g_rx_fe 
 > tsetJTAG 1 0 0 1 X 1 1 1 1 000 0 0 0 0 001 0 1 0 00 1 1 0 0 000 00 000 000 0000 0000 000 0000 0 00 000 0000 0 0 0 0 0 0 0 0 0 0 0 0 000000 0 00 0 0 0 0 000 0 0 0 1 0 0 0 0 0 ; // 690 V:30 C:34 
// CH_WRSTN_REG__wrstn_pd_wifi_phy_2g_tx 
 > tsetJTAG 1 0 0 1 X 1 1 1 1 000 0 0 0 0 001 0 1 0 00 1 1 0 0 000 00 000 000 0000 0000 000 0000 0 00 000 0000 0 0 0 0 0 0 0 0 0 0 0 0 000000 0 00 0 0 0 0 000 0 0 0 1 0 0 0 0 0 ; // 711 V:31 C:35 
// CH_WRSTN_REG__wrstn_pd_wifi_phy_5g_misc 
 > tsetJTAG 1 0 0 1 X 1 1 1 1 000 0 0 0 0 001 0 1 0 00 1 1 0 0 000 00 000 000 0000 0000 000 0000 0 00 000 0000 0 0 0 0 0 0 0 0 0 0 0 0 000000 0 00 0 0 0 0 000 0 0 0 1 0 0 0 0 0 ; // 732 V:32 C:36 
// CH_WRSTN_REG__wrstn_pd_wifi_phy_5g_rx_be 
 > tsetJTAG 1 0 0 1 X 1 1 1 1 000 0 0 0 0 001 0 1 0 00 1 1 0 0 000 00 000 000 0000 0000 000 0000 0 00 000 0000 0 0 0 0 0 0 0 0 0 0 0 0 000000 0 00 0 0 0 0 000 0 0 0 1 0 0 0 0 0 ; // 752 V:33 C:37 
// CH_WRSTN_REG__wrstn_pd_wifi_phy_5g_rx_fd 
 > tsetJTAG 1 0 0 1 X 1 1 1 1 000 0 0 0 0 001 0 1 0 00 1 1 0 0 000 00 000 000 0000 0000 000 0000 0 00 000 0000 0 0 0 0 0 0 0 0 0 0 0 0 000000 0 00 0 0 0 0 000 0 0 0 1 0 0 0 0 0 ; // 773 V:34 C:38 
// CH_WRSTN_REG__wrstn_pd_wifi_phy_5g_rx_fe 
 > tsetJTAG 1 0 0 1 X 1 1 1 1 000 0 0 0 0 001 0 1 0 00 1 1 0 0 000 00 000 000 0000 0000 000 0000 0 00 000 0000 0 0 0 0 0 0 0 0 0 0 0 0 000000 0 00 0 0 0 0 000 0 0 0 1 0 0 0 0 0 ; // 794 V:35 C:39 
// CH_WRSTN_REG__wrstn_pd_wifi_phy_5g_tx 
 > tsetJTAG 1 0 0 1 X 1 1 1 1 000 0 0 0 0 001 0 1 0 00 1 1 0 0 000 00 000 000 0000 0000 000 0000 0 00 000 0000 0 0 0 0 0 0 0 0 0 0 0 0 000000 0 00 0 0 0 0 000 0 0 0 1 0 0 0 0 0 ; // 815 V:36 C:40 
// CH_WRSTN_REG__wrstn_pd_wifi_phy_cmn 
 > tsetJTAG 1 0 0 1 X 1 1 1 1 000 0 0 0 0 001 0 1 0 00 1 1 0 0 000 00 000 000 0000 0000 000 0000 0 00 000 0000 0 0 0 0 0 0 0 0 0 0 0 0 000000 0 00 0 0 0 0 000 0 0 0 1 0 0 0 0 0 ; // 836 V:37 C:41 
// CH_WRSTN_REG__wrstn_pd_wifi_phy_scan 
 > tsetJTAG 1 0 0 1 X 1 1 1 1 000 0 0 0 0 001 0 1 0 00 1 1 0 0 000 00 000 000 0000 0000 000 0000 0 00 000 0000 0 0 0 0 0 0 0 0 0 0 0 0 000000 0 00 0 0 0 0 000 0 0 0 1 0 0 0 0 0 ; // 857 V:38 C:42 
// CH_WRSTN_REG__wrstn_pd_otp 
 > tsetJTAG 1 1 0 1 X 1 1 1 1 000 0 0 0 0 001 0 1 0 00 1 1 0 0 000 00 000 000 0000 0000 000 0000 0 00 000 0000 0 0 0 0 0 0 0 0 0 0 0 0 000000 0 00 0 0 0 0 000 0 0 0 1 0 0 0 0 0 ; // 878 V:39 C:43 
// CH_WRSTN_REG__wrstn_pd_nub 
 > tsetJTAG 1 0 0 1 X 1 1 1 1 000 0 0 0 0 001 0 1 0 00 1 1 0 0 000 00 000 000 0000 0000 000 0000 0 00 000 0000 0 0 0 0 0 0 0 0 0 0 0 0 000000 0 00 0 0 0 0 000 0 0 0 1 0 0 0 0 0 ; // 899 V:40 C:44 
// CH_WRSTN_REG__wrstn_pd_pmgr 
 > tsetJTAG 1 0 0 1 X 1 1 1 1 000 0 0 0 0 001 0 1 0 00 1 1 0 0 000 00 000 000 0000 0000 000 0000 0 00 000 0000 0 0 0 0 0 0 0 0 0 0 0 0 000000 0 00 0 0 0 0 000 0 0 0 1 0 0 0 0 0 ; // 920 V:41 C:45 
// CH_WRSTN_REG__wrstn_pd_arf 
 > tsetJTAG 1 0 0 1 X 1 1 1 1 000 0 0 0 0 001 0 1 0 00 1 1 0 0 000 00 000 000 0000 0000 000 0000 0 00 000 0000 0 0 0 0 0 0 0 0 0 0 0 0 000000 0 00 0 0 0 0 000 0 0 0 1 0 0 0 0 0 ; // 940 V:42 C:46 
// CH_WRSTN_REG__wrstn_pd_ccs 
 > tsetJTAG 1 0 1 1 X 1 1 1 1 000 0 0 0 0 001 0 1 0 00 1 1 0 0 000 00 000 000 0000 0000 000 0000 0 00 000 0000 0 0 0 0 0 0 0 0 0 0 0 0 000000 0 00 0 0 0 0 000 0 0 0 1 0 0 0 0 0 ; // 961 V:43 C:47 
// CH_WRSTN_REG__wrstn_chippads 
 > tsetJTAG 1 0 1 1 X 1 1 1 1 000 0 0 0 0 001 0 1 0 00 1 1 0 0 000 00 000 000 0000 0000 000 0000 0 00 000 0000 0 0 0 0 0 0 0 0 0 0 0 0 000000 0 00 0 0 0 0 000 0 0 0 1 0 0 0 0 0 ; // 982 V:44 C:48 
repeat 13
 > tsetJTAG 1 0 0 1 X 1 1 1 1 000 0 0 0 0 001 0 1 0 00 1 1 0 0 000 00 000 000 0000 0000 000 0000 0 00 000 0000 0 0 0 0 0 0 0 0 0 0 0 0 000000 0 00 0 0 0 0 000 0 0 0 1 0 0 0 0 0 ; // 1003 V:45 C:49 
 > tsetJTAG 1 0 1 1 X 1 1 1 1 000 0 0 0 0 001 0 1 0 00 1 1 0 0 000 00 000 000 0000 0000 000 0000 0 00 000 0000 0 0 0 0 0 0 0 0 0 0 0 0 000000 0 00 0 0 0 0 000 0 0 0 1 0 0 0 0 0 ; // 1275 V:46 C:62 
 > tsetJTAG 1 0 1 1 X 1 1 1 1 000 0 0 0 0 001 0 1 0 00 1 1 0 0 000 00 000 000 0000 0000 000 0000 0 00 000 0000 0 0 0 0 0 0 0 0 0 0 0 0 000000 0 00 0 0 0 0 000 0 0 0 1 0 0 0 0 0 ; // 1296 V:47 C:63 
repeat 4
 > tsetJTAG 1 0 0 1 X 1 1 1 1 000 0 0 0 0 001 0 1 0 00 1 1 0 0 000 00 000 000 0000 0000 000 0000 0 00 000 0000 0 0 0 0 0 0 0 0 0 0 0 0 000000 0 00 0 0 0 0 000 0 0 0 1 0 0 0 0 0 ; // 1317 V:48 C:64 
 > tsetJTAG 1 1 0 1 X 1 1 1 1 000 0 0 0 0 001 0 1 0 00 1 1 0 0 000 00 000 000 0000 0000 000 0000 0 00 000 0000 0 0 0 0 0 0 0 0 0 0 0 0 000000 0 00 0 0 0 0 000 0 0 0 1 0 0 0 0 0 ; // 1400 V:49 C:68 
repeat 4
 > tsetJTAG 1 0 0 1 X 1 1 1 1 000 0 0 0 0 001 0 1 0 00 1 1 0 0 000 00 000 000 0000 0000 000 0000 0 00 000 0000 0 0 0 0 0 0 0 0 0 0 0 0 000000 0 00 0 0 0 0 000 0 0 0 1 0 0 0 0 0 ; // 1421 V:50 C:69 
 > tsetJTAG 1 1 1 1 X 1 1 1 1 000 0 0 0 0 001 0 1 0 00 1 1 0 0 000 00 000 000 0000 0000 000 0000 0 00 000 0000 0 0 0 0 0 0 0 0 0 0 0 0 000000 0 00 0 0 0 0 000 0 0 0 1 0 0 0 0 0 ; // 1505 V:51 C:73 
 > tsetJTAG 1 0 1 1 X 1 1 1 1 000 0 0 0 0 001 0 1 0 00 1 1 0 0 000 00 000 000 0000 0000 000 0000 0 00 000 0000 0 0 0 0 0 0 0 0 0 0 0 0 000000 0 00 0 0 0 0 000 0 0 0 1 0 0 0 0 0 ; // 1526 V:52 C:74 
 > tsetJTAG 1 0 0 1 X 1 1 1 1 000 0 0 0 0 001 0 1 0 00 1 1 0 0 000 00 000 000 0000 0000 000 0000 0 00 000 0000 0 0 0 0 0 0 0 0 0 0 0 0 000000 0 00 0 0 0 0 000 0 0 0 1 0 0 0 0 0 ; // 1547 V:53 C:75 
 > tsetJTAG 1 0 0 1 X 1 1 1 1 000 0 0 0 0 001 0 1 0 00 1 1 0 0 000 00 000 000 0000 0000 000 0000 0 00 000 0000 0 0 0 0 0 0 0 0 0 0 0 0 000000 0 00 0 0 0 0 000 0 0 0 1 0 0 0 0 0 ; // 1568 V:54 C:76 
 > tsetJTAG 1 0 0 1 X 1 1 1 1 000 0 0 0 0 001 0 1 0 00 1 1 0 0 000 00 000 000 0000 0000 000 0000 0 00 000 0000 0 0 0 0 0 0 0 0 0 0 0 0 000000 0 00 0 0 0 0 000 0 0 0 1 0 0 0 0 0 ; // 1588 V:55 C:77 
 > tsetJTAG 1 0 1 1 X 1 1 1 1 000 0 0 0 0 001 0 1 0 00 1 1 0 0 000 00 000 000 0000 0000 000 0000 0 00 000 0000 0 0 0 0 0 0 0 0 0 0 0 0 000000 0 00 0 0 0 0 000 0 0 0 1 0 0 0 0 0 ; // 1609 V:56 C:78 
 > tsetJTAG 1 0 0 1 X 1 1 1 1 000 0 0 0 0 001 0 1 0 00 1 1 0 0 000 00 000 000 0000 0000 000 0000 0 00 000 0000 0 0 0 0 0 0 0 0 0 0 0 0 000000 0 00 0 0 0 0 000 0 0 0 1 0 0 0 0 0 ; // 1630 V:57 C:79 
 > tsetJTAG 1 0 0 1 X 1 1 1 1 000 0 0 0 0 001 0 1 0 00 1 1 0 0 000 00 000 000 0000 0000 000 0000 0 00 000 0000 0 0 0 0 0 0 0 0 0 0 0 0 000000 0 00 0 0 0 0 000 0 0 0 1 0 0 0 0 0 ; // 1651 V:58 C:80 
 > tsetJTAG 1 0 0 1 X 1 1 1 1 000 0 0 0 0 001 0 1 0 00 1 1 0 0 000 00 000 000 0000 0000 000 0000 0 00 000 0000 0 0 0 0 0 0 0 0 0 0 0 0 000000 0 00 0 0 0 0 000 0 0 0 1 0 0 0 0 0 ; // 1672 V:59 C:81 
// CH_CLIENT_SEL_REG__pd_bt_mac 
 > tsetJTAG 1 0 0 1 X 1 1 1 1 000 0 0 0 0 001 0 1 0 00 1 1 0 0 000 00 000 000 0000 0000 000 0000 0 00 000 0000 0 0 0 0 0 0 0 0 0 0 0 0 000000 0 00 0 0 0 0 000 0 0 0 1 0 0 0 0 0 ; // 1693 V:60 C:82 
// CH_CLIENT_SEL_REG__pd_bt_phym 
 > tsetJTAG 1 0 0 1 X 1 1 1 1 000 0 0 0 0 001 0 1 0 00 1 1 0 0 000 00 000 000 0000 0000 000 0000 0 00 000 0000 0 0 0 0 0 0 0 0 0 0 0 0 000000 0 00 0 0 0 0 000 0 0 0 1 0 0 0 0 0 ; // 1714 V:61 C:83 
// CH_CLIENT_SEL_REG__pd_bt_phym_5g 
 > tsetJTAG 1 0 0 1 X 1 1 1 1 000 0 0 0 0 001 0 1 0 00 1 1 0 0 000 00 000 000 0000 0000 000 0000 0 00 000 0000 0 0 0 0 0 0 0 0 0 0 0 0 000000 0 00 0 0 0 0 000 0 0 0 1 0 0 0 0 0 ; // 1735 V:62 C:84 
// CH_CLIENT_SEL_REG__pd_bt_scan 
 > tsetJTAG 1 0 0 1 X 1 1 1 1 000 0 0 0 0 001 0 1 0 00 1 1 0 0 000 00 000 000 0000 0000 000 0000 0 00 000 0000 0 0 0 0 0 0 0 0 0 0 0 0 000000 0 00 0 0 0 0 000 0 0 0 1 0 0 0 0 0 ; // 1756 V:63 C:85 
// CH_CLIENT_SEL_REG__pd_lmac_soc 
 > tsetJTAG 1 0 0 1 X 1 1 1 1 000 0 0 0 0 001 0 1 0 00 1 1 0 0 000 00 000 000 0000 0000 000 0000 0 00 000 0000 0 0 0 0 0 0 0 0 0 0 0 0 000000 0 00 0 0 0 0 000 0 0 0 1 0 0 0 0 0 ; // 1776 V:64 C:86 
// CH_CLIENT_SEL_REG__pd_lmac_core 
 > tsetJTAG 1 0 0 1 X 1 1 1 1 000 0 0 0 0 001 0 1 0 00 1 1 0 0 000 00 000 000 0000 0000 000 0000 0 00 000 0000 0 0 0 0 0 0 0 0 0 0 0 0 000000 0 00 0 0 0 0 000 0 0 0 1 0 0 0 0 0 ; // 1797 V:65 C:87 
// CH_CLIENT_SEL_REG__pd_scan_mac 
 > tsetJTAG 1 0 0 1 X 1 1 1 1 000 0 0 0 0 001 0 1 0 00 1 1 0 0 000 00 000 000 0000 0000 000 0000 0 00 000 0000 0 0 0 0 0 0 0 0 0 0 0 0 000000 0 00 0 0 0 0 000 0 0 0 1 0 0 0 0 0 ; // 1818 V:66 C:88 
// CH_CLIENT_SEL_REG__pd_umac_cpu_tx 
 > tsetJTAG 1 0 0 1 X 1 1 1 1 000 0 0 0 0 001 0 1 0 00 1 1 0 0 000 00 000 000 0000 0000 000 0000 0 00 000 0000 0 0 0 0 0 0 0 0 0 0 0 0 000000 0 00 0 0 0 0 000 0 0 0 1 0 0 0 0 0 ; // 1839 V:67 C:89 
// CH_CLIENT_SEL_REG__pd_umac_soc_rx 
 > tsetJTAG 1 0 0 1 X 1 1 1 1 000 0 0 0 0 001 0 1 0 00 1 1 0 0 000 00 000 000 0000 0000 000 0000 0 00 000 0000 0 0 0 0 0 0 0 0 0 0 0 0 000000 0 00 0 0 0 0 000 0 0 0 1 0 0 0 0 0 ; // 1860 V:68 C:90 
// CH_CLIENT_SEL_REG__pd_wifi_phy_2g_misc 
 > tsetJTAG 1 0 0 1 X 1 1 1 1 000 0 0 0 0 001 0 1 0 00 1 1 0 0 000 00 000 000 0000 0000 000 0000 0 00 000 0000 0 0 0 0 0 0 0 0 0 0 0 0 000000 0 00 0 0 0 0 000 0 0 0 1 0 0 0 0 0 ; // 1881 V:69 C:91 
// CH_CLIENT_SEL_REG__pd_wifi_phy_2g_rx_be 
 > tsetJTAG 1 0 0 1 X 1 1 1 1 000 0 0 0 0 001 0 1 0 00 1 1 0 0 000 00 000 000 0000 0000 000 0000 0 00 000 0000 0 0 0 0 0 0 0 0 0 0 0 0 000000 0 00 0 0 0 0 000 0 0 0 1 0 0 0 0 0 ; // 1902 V:70 C:92 
// CH_CLIENT_SEL_REG__pd_wifi_phy_2g_rx_fd 
 > tsetJTAG 1 0 0 1 X 1 1 1 1 000 0 0 0 0 001 0 1 0 00 1 1 0 0 000 00 000 000 0000 0000 000 0000 0 00 000 0000 0 0 0 0 0 0 0 0 0 0 0 0 000000 0 00 0 0 0 0 000 0 0 0 1 0 0 0 0 0 ; // 1923 V:71 C:93 
// CH_CLIENT_SEL_REG__pd_wifi_phy_2g_rx_fe 
 > tsetJTAG 1 0 0 1 X 1 1 1 1 000 0 0 0 0 001 0 1 0 00 1 1 0 0 000 00 000 000 0000 0000 000 0000 0 00 000 0000 0 0 0 0 0 0 0 0 0 0 0 0 000000 0 00 0 0 0 0 000 0 0 0 1 0 0 0 0 0 ; // 1944 V:72 C:94 
// CH_CLIENT_SEL_REG__pd_wifi_phy_2g_tx 
 > tsetJTAG 1 0 0 1 X 1 1 1 1 000 0 0 0 0 001 0 1 0 00 1 1 0 0 000 00 000 000 0000 0000 000 0000 0 00 000 0000 0 0 0 0 0 0 0 0 0 0 0 0 000000 0 00 0 0 0 0 000 0 0 0 1 0 0 0 0 0 ; // 1965 V:73 C:95 
// CH_CLIENT_SEL_REG__pd_wifi_phy_5g_misc 
 > tsetJTAG 1 0 0 1 X 1 1 1 1 000 0 0 0 0 001 0 1 0 00 1 1 0 0 000 00 000 000 0000 0000 000 0000 0 00 000 0000 0 0 0 0 0 0 0 0 0 0 0 0 000000 0 00 0 0 0 0 000 0 0 0 1 0 0 0 0 0 ; // 1986 V:74 C:96 
// CH_CLIENT_SEL_REG__pd_wifi_phy_5g_rx_be 
 > tsetJTAG 1 0 0 1 X 1 1 1 1 000 0 0 0 0 001 0 1 0 00 1 1 0 0 000 00 000 000 0000 0000 000 0000 0 00 000 0000 0 0 0 0 0 0 0 0 0 0 0 0 000000 0 00 0 0 0 0 000 0 0 0 1 0 0 0 0 0 ; // 2006 V:75 C:97 
// CH_CLIENT_SEL_REG__pd_wifi_phy_5g_rx_fd 
 > tsetJTAG 1 0 0 1 X 1 1 1 1 000 0 0 0 0 001 0 1 0 00 1 1 0 0 000 00 000 000 0000 0000 000 0000 0 00 000 0000 0 0 0 0 0 0 0 0 0 0 0 0 000000 0 00 0 0 0 0 000 0 0 0 1 0 0 0 0 0 ; // 2027 V:76 C:98 
// CH_CLIENT_SEL_REG__pd_wifi_phy_5g_rx_fe 
 > tsetJTAG 1 0 0 1 X 1 1 1 1 000 0 0 0 0 001 0 1 0 00 1 1 0 0 000 00 000 000 0000 0000 000 0000 0 00 000 0000 0 0 0 0 0 0 0 0 0 0 0 0 000000 0 00 0 0 0 0 000 0 0 0 1 0 0 0 0 0 ; // 2048 V:77 C:99 
// CH_CLIENT_SEL_REG__pd_wifi_phy_5g_tx 
 > tsetJTAG 1 0 0 1 X 1 1 1 1 000 0 0 0 0 001 0 1 0 00 1 1 0 0 000 00 000 000 0000 0000 000 0000 0 00 000 0000 0 0 0 0 0 0 0 0 0 0 0 0 000000 0 00 0 0 0 0 000 0 0 0 1 0 0 0 0 0 ; // 2069 V:78 C:100 
// CH_CLIENT_SEL_REG__pd_wifi_phy_cmn 
 > tsetJTAG 1 0 0 1 X 1 1 1 1 000 0 0 0 0 001 0 1 0 00 1 1 0 0 000 00 000 000 0000 0000 000 0000 0 00 000 0000 0 0 0 0 0 0 0 0 0 0 0 0 000000 0 00 0 0 0 0 000 0 0 0 1 0 0 0 0 0 ; // 2090 V:79 C:101 
// CH_CLIENT_SEL_REG__pd_wifi_phy_scan 
 > tsetJTAG 1 0 0 1 X 1 1 1 1 000 0 0 0 0 001 0 1 0 00 1 1 0 0 000 00 000 000 0000 0000 000 0000 0 00 000 0000 0 0 0 0 0 0 0 0 0 0 0 0 000000 0 00 0 0 0 0 000 0 0 0 1 0 0 0 0 0 ; // 2111 V:80 C:102 
// CH_CLIENT_SEL_REG__pd_otp 
 > tsetJTAG 1 1 0 1 X 1 1 1 1 000 0 0 0 0 001 0 1 0 00 1 1 0 0 000 00 000 000 0000 0000 000 0000 0 00 000 0000 0 0 0 0 0 0 0 0 0 0 0 0 000000 0 00 0 0 0 0 000 0 0 0 1 0 0 0 0 0 ; // 2132 V:81 C:103 
// CH_CLIENT_SEL_REG__pd_nub 
 > tsetJTAG 1 0 0 1 X 1 1 1 1 000 0 0 0 0 001 0 1 0 00 1 1 0 0 000 00 000 000 0000 0000 000 0000 0 00 000 0000 0 0 0 0 0 0 0 0 0 0 0 0 000000 0 00 0 0 0 0 000 0 0 0 1 0 0 0 0 0 ; // 2153 V:82 C:104 
// CH_CLIENT_SEL_REG__pd_pmgr 
 > tsetJTAG 1 0 0 1 X 1 1 1 1 000 0 0 0 0 001 0 1 0 00 1 1 0 0 000 00 000 000 0000 0000 000 0000 0 00 000 0000 0 0 0 0 0 0 0 0 0 0 0 0 000000 0 00 0 0 0 0 000 0 0 0 1 0 0 0 0 0 ; // 2174 V:83 C:105 
// CH_CLIENT_SEL_REG__pd_arf 
 > tsetJTAG 1 0 0 1 X 1 1 1 1 000 0 0 0 0 001 0 1 0 00 1 1 0 0 000 00 000 000 0000 0000 000 0000 0 00 000 0000 0 0 0 0 0 0 0 0 0 0 0 0 000000 0 00 0 0 0 0 000 0 0 0 1 0 0 0 0 0 ; // 2194 V:84 C:106 
// CH_CLIENT_SEL_REG__pd_ccs 
 > tsetJTAG 1 0 1 1 X 1 1 1 1 000 0 0 0 0 001 0 1 0 00 1 1 0 0 000 00 000 000 0000 0000 000 0000 0 00 000 0000 0 0 0 0 0 0 0 0 0 0 0 0 000000 0 00 0 0 0 0 000 0 0 0 1 0 0 0 0 0 ; // 2215 V:85 C:107 
// CH_CLIENT_SEL_REG__chippads 
 > tsetJTAG 1 0 1 1 X 1 1 1 1 000 0 0 0 0 001 0 1 0 00 1 1 0 0 000 00 000 000 0000 0000 000 0000 0 00 000 0000 0 0 0 0 0 0 0 0 0 0 0 0 000000 0 00 0 0 0 0 000 0 0 0 1 0 0 0 0 0 ; // 2236 V:86 C:108 
repeat 53
 > tsetJTAG 1 0 0 1 X 1 1 1 1 000 0 0 0 0 001 0 1 0 00 1 1 0 0 000 00 000 000 0000 0000 000 0000 0 00 000 0000 0 0 0 0 0 0 0 0 0 0 0 0 000000 0 00 0 0 0 0 000 0 0 0 1 0 0 0 0 0 ; // 2257 V:87 C:109 
 > tsetJTAG 1 0 1 1 X 1 1 1 1 000 0 0 0 0 001 0 1 0 00 1 1 0 0 000 00 000 000 0000 0000 000 0000 0 00 000 0000 0 0 0 0 0 0 0 0 0 0 0 0 000000 0 00 0 0 0 0 000 0 0 0 1 0 0 0 0 0 ; // 3365 V:88 C:162 
 > tsetJTAG 1 0 1 1 X 1 1 1 1 000 0 0 0 0 001 0 1 0 00 1 1 0 0 000 00 000 000 0000 0000 000 0000 0 00 000 0000 0 0 0 0 0 0 0 0 0 0 0 0 000000 0 00 0 0 0 0 000 0 0 0 1 0 0 0 0 0 ; // 3386 V:89 C:163 
 > tsetJTAG 1 0 0 1 X 1 1 1 1 000 0 0 0 0 001 0 1 0 00 1 1 0 0 000 00 000 000 0000 0000 000 0000 0 00 000 0000 0 0 0 0 0 0 0 0 0 0 0 0 000000 0 00 0 0 0 0 000 0 0 0 1 0 0 0 0 0 ; // 3407 V:90 C:164 
 > tsetJTAG 1 0 0 1 X 1 1 1 1 000 0 0 0 0 001 0 1 0 00 1 1 0 0 000 00 000 000 0000 0000 000 0000 0 00 000 0000 0 0 0 0 0 0 0 0 0 0 0 0 000000 0 00 0 0 0 0 000 0 0 0 1 0 0 0 0 0 ; // 3428 V:91 C:165 
 > tsetJTAG 1 1 0 1 X 1 1 1 1 000 0 0 0 0 001 0 1 0 00 1 1 0 0 000 00 000 000 0000 0000 000 0000 0 00 000 0000 0 0 0 0 0 0 0 0 0 0 0 0 000000 0 00 0 0 0 0 000 0 0 0 1 0 0 0 0 0 ; // 3448 V:92 C:166 
 > tsetJTAG 1 0 0 1 X 1 1 1 1 000 0 0 0 0 001 0 1 0 00 1 1 0 0 000 00 000 000 0000 0000 000 0000 0 00 000 0000 0 0 0 0 0 0 0 0 0 0 0 0 000000 0 00 0 0 0 0 000 0 0 0 1 0 0 0 0 0 ; // 3469 V:93 C:167 
 > tsetJTAG 1 1 0 1 X 1 1 1 1 000 0 0 0 0 001 0 1 0 00 1 1 0 0 000 00 000 000 0000 0000 000 0000 0 00 000 0000 0 0 0 0 0 0 0 0 0 0 0 0 000000 0 00 0 0 0 0 000 0 0 0 1 0 0 0 0 0 ; // 3490 V:94 C:168 
repeat 4
 > tsetJTAG 1 0 0 1 X 1 1 1 1 000 0 0 0 0 001 0 1 0 00 1 1 0 0 000 00 000 000 0000 0000 000 0000 0 00 000 0000 0 0 0 0 0 0 0 0 0 0 0 0 000000 0 00 0 0 0 0 000 0 0 0 1 0 0 0 0 0 ; // 3511 V:95 C:169 
 > tsetJTAG 1 1 1 1 X 1 1 1 1 000 0 0 0 0 001 0 1 0 00 1 1 0 0 000 00 000 000 0000 0000 000 0000 0 00 000 0000 0 0 0 0 0 0 0 0 0 0 0 0 000000 0 00 0 0 0 0 000 0 0 0 1 0 0 0 0 0 ; // 3595 V:96 C:173 
 > tsetJTAG 1 0 1 1 X 1 1 1 1 000 0 0 0 0 001 0 1 0 00 1 1 0 0 000 00 000 000 0000 0000 000 0000 0 00 000 0000 0 0 0 0 0 0 0 0 0 0 0 0 000000 0 00 0 0 0 0 000 0 0 0 1 0 0 0 0 0 ; // 3616 V:97 C:174 
 > tsetJTAG 1 0 0 1 X 1 1 1 1 000 0 0 0 0 001 0 1 0 00 1 1 0 0 000 00 000 000 0000 0000 000 0000 0 00 000 0000 0 0 0 0 0 0 0 0 0 0 0 0 000000 0 00 0 0 0 0 000 0 0 0 1 0 0 0 0 0 ; // 3637 V:98 C:175 
 > tsetJTAG 1 0 0 1 X 1 1 1 1 000 0 0 0 0 001 0 1 0 00 1 1 0 0 000 00 000 000 0000 0000 000 0000 0 00 000 0000 0 0 0 0 0 0 0 0 0 0 0 0 000000 0 00 0 0 0 0 000 0 0 0 1 0 0 0 0 0 ; // 3658 V:99 C:176 
 > tsetJTAG 1 0 0 1 X 1 1 1 1 000 0 0 0 0 001 0 1 0 00 1 1 0 0 000 00 000 000 0000 0000 000 0000 0 00 000 0000 0 0 0 0 0 0 0 0 0 0 0 0 000000 0 00 0 0 0 0 000 0 0 0 1 0 0 0 0 0 ; // 3678 V:100 C:177 
 > tsetJTAG 1 0 1 1 X 1 1 1 1 000 0 0 0 0 001 0 1 0 00 1 1 0 0 000 00 000 000 0000 0000 000 0000 0 00 000 0000 0 0 0 0 0 0 0 0 0 0 0 0 000000 0 00 0 0 0 0 000 0 0 0 1 0 0 0 0 0 ; // 3699 V:101 C:178 
 > tsetJTAG 1 0 0 1 X 1 1 1 1 000 0 0 0 0 001 0 1 0 00 1 1 0 0 000 00 000 000 0000 0000 000 0000 0 00 000 0000 0 0 0 0 0 0 0 0 0 0 0 0 000000 0 00 0 0 0 0 000 0 0 0 1 0 0 0 0 0 ; // 3720 V:102 C:179 
 > tsetJTAG 1 0 0 1 X 1 1 1 1 000 0 0 0 0 001 0 1 0 00 1 1 0 0 000 00 000 000 0000 0000 000 0000 0 00 000 0000 0 0 0 0 0 0 0 0 0 0 0 0 000000 0 00 0 0 0 0 000 0 0 0 1 0 0 0 0 0 ; // 3741 V:103 C:180 
 > tsetJTAG 1 0 0 1 X 1 1 1 1 000 0 0 0 0 001 0 1 0 00 1 1 0 0 000 00 000 000 0000 0000 000 0000 0 00 000 0000 0 0 0 0 0 0 0 0 0 0 0 0 000000 0 00 0 0 0 0 000 0 0 0 1 0 0 0 0 0 ; // 3762 V:104 C:181 
// CH_WRSTN_REG__wrstn_pd_bt_mac 
 > tsetJTAG 1 0 0 1 X 1 1 1 1 000 0 0 0 0 001 0 1 0 00 1 1 0 0 000 00 000 000 0000 0000 000 0000 0 00 000 0000 0 0 0 0 0 0 0 0 0 0 0 0 000000 0 00 0 0 0 0 000 0 0 0 1 0 0 0 0 0 ; // 3783 V:105 C:182 
// CH_WRSTN_REG__wrstn_pd_bt_phym 
 > tsetJTAG 1 0 0 1 X 1 1 1 1 000 0 0 0 0 001 0 1 0 00 1 1 0 0 000 00 000 000 0000 0000 000 0000 0 00 000 0000 0 0 0 0 0 0 0 0 0 0 0 0 000000 0 00 0 0 0 0 000 0 0 0 1 0 0 0 0 0 ; // 3804 V:106 C:183 
// CH_WRSTN_REG__wrstn_pd_bt_phym_5g 
 > tsetJTAG 1 0 0 1 X 1 1 1 1 000 0 0 0 0 001 0 1 0 00 1 1 0 0 000 00 000 000 0000 0000 000 0000 0 00 000 0000 0 0 0 0 0 0 0 0 0 0 0 0 000000 0 00 0 0 0 0 000 0 0 0 1 0 0 0 0 0 ; // 3825 V:107 C:184 
// CH_WRSTN_REG__wrstn_pd_bt_scan 
 > tsetJTAG 1 0 0 1 X 1 1 1 1 000 0 0 0 0 001 0 1 0 00 1 1 0 0 000 00 000 000 0000 0000 000 0000 0 00 000 0000 0 0 0 0 0 0 0 0 0 0 0 0 000000 0 00 0 0 0 0 000 0 0 0 1 0 0 0 0 0 ; // 3846 V:108 C:185 
// CH_WRSTN_REG__wrstn_pd_lmac_soc 
 > tsetJTAG 1 0 0 1 X 1 1 1 1 000 0 0 0 0 001 0 1 0 00 1 1 0 0 000 00 000 000 0000 0000 000 0000 0 00 000 0000 0 0 0 0 0 0 0 0 0 0 0 0 000000 0 00 0 0 0 0 000 0 0 0 1 0 0 0 0 0 ; // 3866 V:109 C:186 
// CH_WRSTN_REG__wrstn_pd_lmac_core 
 > tsetJTAG 1 0 0 1 X 1 1 1 1 000 0 0 0 0 001 0 1 0 00 1 1 0 0 000 00 000 000 0000 0000 000 0000 0 00 000 0000 0 0 0 0 0 0 0 0 0 0 0 0 000000 0 00 0 0 0 0 000 0 0 0 1 0 0 0 0 0 ; // 3887 V:110 C:187 
// CH_WRSTN_REG__wrstn_pd_scan_mac 
 > tsetJTAG 1 0 0 1 X 1 1 1 1 000 0 0 0 0 001 0 1 0 00 1 1 0 0 000 00 000 000 0000 0000 000 0000 0 00 000 0000 0 0 0 0 0 0 0 0 0 0 0 0 000000 0 00 0 0 0 0 000 0 0 0 1 0 0 0 0 0 ; // 3908 V:111 C:188 
// CH_WRSTN_REG__wrstn_pd_umac_cpu_tx 
 > tsetJTAG 1 0 0 1 X 1 1 1 1 000 0 0 0 0 001 0 1 0 00 1 1 0 0 000 00 000 000 0000 0000 000 0000 0 00 000 0000 0 0 0 0 0 0 0 0 0 0 0 0 000000 0 00 0 0 0 0 000 0 0 0 1 0 0 0 0 0 ; // 3929 V:112 C:189 
// CH_WRSTN_REG__wrstn_pd_umac_soc_rx 
 > tsetJTAG 1 0 0 1 X 1 1 1 1 000 0 0 0 0 001 0 1 0 00 1 1 0 0 000 00 000 000 0000 0000 000 0000 0 00 000 0000 0 0 0 0 0 0 0 0 0 0 0 0 000000 0 00 0 0 0 0 000 0 0 0 1 0 0 0 0 0 ; // 3950 V:113 C:190 
// CH_WRSTN_REG__wrstn_pd_wifi_phy_2g_misc 
 > tsetJTAG 1 0 0 1 X 1 1 1 1 000 0 0 0 0 001 0 1 0 00 1 1 0 0 000 00 000 000 0000 0000 000 0000 0 00 000 0000 0 0 0 0 0 0 0 0 0 0 0 0 000000 0 00 0 0 0 0 000 0 0 0 1 0 0 0 0 0 ; // 3971 V:114 C:191 
// CH_WRSTN_REG__wrstn_pd_wifi_phy_2g_rx_be 
 > tsetJTAG 1 0 0 1 X 1 1 1 1 000 0 0 0 0 001 0 1 0 00 1 1 0 0 000 00 000 000 0000 0000 000 0000 0 00 000 0000 0 0 0 0 0 0 0 0 0 0 0 0 000000 0 00 0 0 0 0 000 0 0 0 1 0 0 0 0 0 ; // 3992 V:115 C:192 
// CH_WRSTN_REG__wrstn_pd_wifi_phy_2g_rx_fd 
 > tsetJTAG 1 0 0 1 X 1 1 1 1 000 0 0 0 0 001 0 1 0 00 1 1 0 0 000 00 000 000 0000 0000 000 0000 0 00 000 0000 0 0 0 0 0 0 0 0 0 0 0 0 000000 0 00 0 0 0 0 000 0 0 0 1 0 0 0 0 0 ; // 4013 V:116 C:193 
// CH_WRSTN_REG__wrstn_pd_wifi_phy_2g_rx_fe 
 > tsetJTAG 1 0 0 1 X 1 1 1 1 000 0 0 0 0 001 0 1 0 00 1 1 0 0 000 00 000 000 0000 0000 000 0000 0 00 000 0000 0 0 0 0 0 0 0 0 0 0 0 0 000000 0 00 0 0 0 0 000 0 0 0 1 0 0 0 0 0 ; // 4034 V:117 C:194 
// CH_WRSTN_REG__wrstn_pd_wifi_phy_2g_tx 
 > tsetJTAG 1 0 0 1 X 1 1 1 1 000 0 0 0 0 001 0 1 0 00 1 1 0 0 000 00 000 000 0000 0000 000 0000 0 00 000 0000 0 0 0 0 0 0 0 0 0 0 0 0 000000 0 00 0 0 0 0 000 0 0 0 1 0 0 0 0 0 ; // 4055 V:118 C:195 
// CH_WRSTN_REG__wrstn_pd_wifi_phy_5g_misc 
 > tsetJTAG 1 0 0 1 X 1 1 1 1 000 0 0 0 0 001 0 1 0 00 1 1 0 0 000 00 000 000 0000 0000 000 0000 0 00 000 0000 0 0 0 0 0 0 0 0 0 0 0 0 000000 0 00 0 0 0 0 000 0 0 0 1 0 0 0 0 0 ; // 4076 V:119 C:196 
// CH_WRSTN_REG__wrstn_pd_wifi_phy_5g_rx_be 
 > tsetJTAG 1 0 0 1 X 1 1 1 1 000 0 0 0 0 001 0 1 0 00 1 1 0 0 000 00 000 000 0000 0000 000 0000 0 00 000 0000 0 0 0 0 0 0 0 0 0 0 0 0 000000 0 00 0 0 0 0 000 0 0 0 1 0 0 0 0 0 ; // 4096 V:120 C:197 
// CH_WRSTN_REG__wrstn_pd_wifi_phy_5g_rx_fd 
 > tsetJTAG 1 0 0 1 X 1 1 1 1 000 0 0 0 0 001 0 1 0 00 1 1 0 0 000 00 000 000 0000 0000 000 0000 0 00 000 0000 0 0 0 0 0 0 0 0 0 0 0 0 000000 0 00 0 0 0 0 000 0 0 0 1 0 0 0 0 0 ; // 4117 V:121 C:198 
// CH_WRSTN_REG__wrstn_pd_wifi_phy_5g_rx_fe 
 > tsetJTAG 1 0 0 1 X 1 1 1 1 000 0 0 0 0 001 0 1 0 00 1 1 0 0 000 00 000 000 0000 0000 000 0000 0 00 000 0000 0 0 0 0 0 0 0 0 0 0 0 0 000000 0 00 0 0 0 0 000 0 0 0 1 0 0 0 0 0 ; // 4138 V:122 C:199 
// CH_WRSTN_REG__wrstn_pd_wifi_phy_5g_tx 
 > tsetJTAG 1 0 0 1 X 1 1 1 1 000 0 0 0 0 001 0 1 0 00 1 1 0 0 000 00 000 000 0000 0000 000 0000 0 00 000 0000 0 0 0 0 0 0 0 0 0 0 0 0 000000 0 00 0 0 0 0 000 0 0 0 1 0 0 0 0 0 ; // 4159 V:123 C:200 
// CH_WRSTN_REG__wrstn_pd_wifi_phy_cmn 
 > tsetJTAG 1 0 0 1 X 1 1 1 1 000 0 0 0 0 001 0 1 0 00 1 1 0 0 000 00 000 000 0000 0000 000 0000 0 00 000 0000 0 0 0 0 0 0 0 0 0 0 0 0 000000 0 00 0 0 0 0 000 0 0 0 1 0 0 0 0 0 ; // 4180 V:124 C:201 
// CH_WRSTN_REG__wrstn_pd_wifi_phy_scan 
 > tsetJTAG 1 0 0 1 X 1 1 1 1 000 0 0 0 0 001 0 1 0 00 1 1 0 0 000 00 000 000 0000 0000 000 0000 0 00 000 0000 0 0 0 0 0 0 0 0 0 0 0 0 000000 0 00 0 0 0 0 000 0 0 0 1 0 0 0 0 0 ; // 4201 V:125 C:202 
// CH_WRSTN_REG__wrstn_pd_otp 
 > tsetJTAG 1 1 0 1 X 1 1 1 1 000 0 0 0 0 001 0 1 0 00 1 1 0 0 000 00 000 000 0000 0000 000 0000 0 00 000 0000 0 0 0 0 0 0 0 0 0 0 0 0 000000 0 00 0 0 0 0 000 0 0 0 1 0 0 0 0 0 ; // 4222 V:126 C:203 
// CH_WRSTN_REG__wrstn_pd_nub 
 > tsetJTAG 1 0 0 1 X 1 1 1 1 000 0 0 0 0 001 0 1 0 00 1 1 0 0 000 00 000 000 0000 0000 000 0000 0 00 000 0000 0 0 0 0 0 0 0 0 0 0 0 0 000000 0 00 0 0 0 0 000 0 0 0 1 0 0 0 0 0 ; // 4243 V:127 C:204 
// CH_WRSTN_REG__wrstn_pd_pmgr 
 > tsetJTAG 1 0 0 1 X 1 1 1 1 000 0 0 0 0 001 0 1 0 00 1 1 0 0 000 00 000 000 0000 0000 000 0000 0 00 000 0000 0 0 0 0 0 0 0 0 0 0 0 0 000000 0 00 0 0 0 0 000 0 0 0 1 0 0 0 0 0 ; // 4264 V:128 C:205 
// CH_WRSTN_REG__wrstn_pd_arf 
 > tsetJTAG 1 0 0 1 X 1 1 1 1 000 0 0 0 0 001 0 1 0 00 1 1 0 0 000 00 000 000 0000 0000 000 0000 0 00 000 0000 0 0 0 0 0 0 0 0 0 0 0 0 000000 0 00 0 0 0 0 000 0 0 0 1 0 0 0 0 0 ; // 4284 V:129 C:206 
// CH_WRSTN_REG__wrstn_pd_ccs 
 > tsetJTAG 1 0 1 1 X 1 1 1 1 000 0 0 0 0 001 0 1 0 00 1 1 0 0 000 00 000 000 0000 0000 000 0000 0 00 000 0000 0 0 0 0 0 0 0 0 0 0 0 0 000000 0 00 0 0 0 0 000 0 0 0 1 0 0 0 0 0 ; // 4305 V:130 C:207 
// CH_WRSTN_REG__wrstn_chippads 
 > tsetJTAG 1 0 1 1 X 1 1 1 1 000 0 0 0 0 001 0 1 0 00 1 1 0 0 000 00 000 000 0000 0000 000 0000 0 00 000 0000 0 0 0 0 0 0 0 0 0 0 0 0 000000 0 00 0 0 0 0 000 0 0 0 1 0 0 0 0 0 ; // 4326 V:131 C:208 
 > tsetJTAG 1 0 0 1 X 1 1 1 1 000 0 0 0 0 001 0 1 0 00 1 1 0 0 000 00 000 000 0000 0000 000 0000 0 00 000 0000 0 0 0 0 0 0 0 0 0 0 0 0 000000 0 00 0 0 0 0 000 0 0 0 1 0 0 0 0 0 ; // 4347 V:132 C:209 
 > tsetJTAG 1 0 0 1 X 1 1 1 1 000 0 0 0 0 001 0 1 0 00 1 1 0 0 000 00 000 000 0000 0000 000 0000 0 00 000 0000 0 0 0 0 0 0 0 0 0 0 0 0 000000 0 00 0 0 0 0 000 0 0 0 1 0 0 0 0 0 ; // 4368 V:133 C:210 
 > tsetJTAG 1 0 0 1 X 1 1 1 1 000 0 0 0 0 001 0 1 0 00 1 1 0 0 000 00 000 000 0000 0000 000 0000 0 00 000 0000 0 0 0 0 0 0 0 0 0 0 0 0 000000 0 00 0 0 0 0 000 0 0 0 1 0 0 0 0 0 ; // 4389 V:134 C:211 
 > tsetJTAG 1 0 1 1 X 1 1 1 1 000 0 0 0 0 001 0 1 0 00 1 1 0 0 000 00 000 000 0000 0000 000 0000 0 00 000 0000 0 0 0 0 0 0 0 0 0 0 0 0 000000 0 00 0 0 0 0 000 0 0 0 1 0 0 0 0 0 ; // 4410 V:135 C:212 
 > tsetJTAG 1 0 1 1 X 1 1 1 1 000 0 0 0 0 001 0 1 0 00 1 1 0 0 000 00 000 000 0000 0000 000 0000 0 00 000 0000 0 0 0 0 0 0 0 0 0 0 0 0 000000 0 00 0 0 0 0 000 0 0 0 1 0 0 0 0 0 ; // 4431 V:136 C:213 
repeat 4
 > tsetJTAG 1 0 0 1 X 1 1 1 1 000 0 0 0 0 001 0 1 0 00 1 1 0 0 000 00 000 000 0000 0000 000 0000 0 00 000 0000 0 0 0 0 0 0 0 0 0 0 0 0 000000 0 00 0 0 0 0 000 0 0 0 1 0 0 0 0 0 ; // 4452 V:137 C:214 
 > tsetJTAG 1 1 0 1 X 1 1 1 1 000 0 0 0 0 001 0 1 0 00 1 1 0 0 000 00 000 000 0000 0000 000 0000 0 00 000 0000 0 0 0 0 0 0 0 0 0 0 0 0 000000 0 00 0 0 0 0 000 0 0 0 1 0 0 0 0 0 ; // 4535 V:138 C:218 
repeat 4
 > tsetJTAG 1 0 0 1 X 1 1 1 1 000 0 0 0 0 001 0 1 0 00 1 1 0 0 000 00 000 000 0000 0000 000 0000 0 00 000 0000 0 0 0 0 0 0 0 0 0 0 0 0 000000 0 00 0 0 0 0 000 0 0 0 1 0 0 0 0 0 ; // 4556 V:139 C:219 
 > tsetJTAG 1 1 1 1 X 1 1 1 1 000 0 0 0 0 001 0 1 0 00 1 1 0 0 000 00 000 000 0000 0000 000 0000 0 00 000 0000 0 0 0 0 0 0 0 0 0 0 0 0 000000 0 00 0 0 0 0 000 0 0 0 1 0 0 0 0 0 ; // 4640 V:140 C:223 
 > tsetJTAG 1 0 1 1 X 1 1 1 1 000 0 0 0 0 001 0 1 0 00 1 1 0 0 000 00 000 000 0000 0000 000 0000 0 00 000 0000 0 0 0 0 0 0 0 0 0 0 0 0 000000 0 00 0 0 0 0 000 0 0 0 1 0 0 0 0 0 ; // 4661 V:141 C:224 
 > tsetJTAG 1 0 0 1 X 1 1 1 1 000 0 0 0 0 001 0 1 0 00 1 1 0 0 000 00 000 000 0000 0000 000 0000 0 00 000 0000 0 0 0 0 0 0 0 0 0 0 0 0 000000 0 00 0 0 0 0 000 0 0 0 1 0 0 0 0 0 ; // 4682 V:142 C:225 
 > tsetJTAG 1 0 0 1 X 1 1 1 1 000 0 0 0 0 001 0 1 0 00 1 1 0 0 000 00 000 000 0000 0000 000 0000 0 00 000 0000 0 0 0 0 0 0 0 0 0 0 0 0 000000 0 00 0 0 0 0 000 0 0 0 1 0 0 0 0 0 ; // 4702 V:143 C:226 
 > tsetJTAG 1 0 0 1 X 1 1 1 1 000 0 0 0 0 001 0 1 0 00 1 1 0 0 000 00 000 000 0000 0000 000 0000 0 00 000 0000 0 0 0 0 0 0 0 0 0 0 0 0 000000 0 00 0 0 0 0 000 0 0 0 1 0 0 0 0 0 ; // 4723 V:144 C:227 
 > tsetJTAG 1 0 1 1 X 1 1 1 1 000 0 0 0 0 001 0 1 0 00 1 1 0 0 000 00 000 000 0000 0000 000 0000 0 00 000 0000 0 0 0 0 0 0 0 0 0 0 0 0 000000 0 00 0 0 0 0 000 0 0 0 1 0 0 0 0 0 ; // 4744 V:145 C:228 
 > tsetJTAG 1 0 0 1 X 1 1 1 1 000 0 0 0 0 001 0 1 0 00 1 1 0 0 000 00 000 000 0000 0000 000 0000 0 00 000 0000 0 0 0 0 0 0 0 0 0 0 0 0 000000 0 00 0 0 0 0 000 0 0 0 1 0 0 0 0 0 ; // 4765 V:146 C:229 
 > tsetJTAG 1 0 0 1 X 1 1 1 1 000 0 0 0 0 001 0 1 0 00 1 1 0 0 000 00 000 000 0000 0000 000 0000 0 00 000 0000 0 0 0 0 0 0 0 0 0 0 0 0 000000 0 00 0 0 0 0 000 0 0 0 1 0 0 0 0 0 ; // 4786 V:147 C:230 
 > tsetJTAG 1 0 0 1 X 1 1 1 1 000 0 0 0 0 001 0 1 0 00 1 1 0 0 000 00 000 000 0000 0000 000 0000 0 00 000 0000 0 0 0 0 0 0 0 0 0 0 0 0 000000 0 00 0 0 0 0 000 0 0 0 1 0 0 0 0 0 ; // 4807 V:148 C:231 
// CH_CLIENT_SEL_REG__pd_bt_mac 
 > tsetJTAG 1 0 0 1 X 1 1 1 1 000 0 0 0 0 001 0 1 0 00 1 1 0 0 000 00 000 000 0000 0000 000 0000 0 00 000 0000 0 0 0 0 0 0 0 0 0 0 0 0 000000 0 00 0 0 0 0 000 0 0 0 1 0 0 0 0 0 ; // 4828 V:149 C:232 
// CH_CLIENT_SEL_REG__pd_bt_phym 
 > tsetJTAG 1 0 0 1 X 1 1 1 1 000 0 0 0 0 001 0 1 0 00 1 1 0 0 000 00 000 000 0000 0000 000 0000 0 00 000 0000 0 0 0 0 0 0 0 0 0 0 0 0 000000 0 00 0 0 0 0 000 0 0 0 1 0 0 0 0 0 ; // 4849 V:150 C:233 
// CH_CLIENT_SEL_REG__pd_bt_phym_5g 
 > tsetJTAG 1 0 0 1 X 1 1 1 1 000 0 0 0 0 001 0 1 0 00 1 1 0 0 000 00 000 000 0000 0000 000 0000 0 00 000 0000 0 0 0 0 0 0 0 0 0 0 0 0 000000 0 00 0 0 0 0 000 0 0 0 1 0 0 0 0 0 ; // 4870 V:151 C:234 
// CH_CLIENT_SEL_REG__pd_bt_scan 
 > tsetJTAG 1 0 0 1 X 1 1 1 1 000 0 0 0 0 001 0 1 0 00 1 1 0 0 000 00 000 000 0000 0000 000 0000 0 00 000 0000 0 0 0 0 0 0 0 0 0 0 0 0 000000 0 00 0 0 0 0 000 0 0 0 1 0 0 0 0 0 ; // 4891 V:152 C:235 
// CH_CLIENT_SEL_REG__pd_lmac_soc 
 > tsetJTAG 1 0 0 1 X 1 1 1 1 000 0 0 0 0 001 0 1 0 00 1 1 0 0 000 00 000 000 0000 0000 000 0000 0 00 000 0000 0 0 0 0 0 0 0 0 0 0 0 0 000000 0 00 0 0 0 0 000 0 0 0 1 0 0 0 0 0 ; // 4912 V:153 C:236 
// CH_CLIENT_SEL_REG__pd_lmac_core 
 > tsetJTAG 1 0 0 1 X 1 1 1 1 000 0 0 0 0 001 0 1 0 00 1 1 0 0 000 00 000 000 0000 0000 000 0000 0 00 000 0000 0 0 0 0 0 0 0 0 0 0 0 0 000000 0 00 0 0 0 0 000 0 0 0 1 0 0 0 0 0 ; // 4932 V:154 C:237 
// CH_CLIENT_SEL_REG__pd_scan_mac 
 > tsetJTAG 1 0 0 1 X 1 1 1 1 000 0 0 0 0 001 0 1 0 00 1 1 0 0 000 00 000 000 0000 0000 000 0000 0 00 000 0000 0 0 0 0 0 0 0 0 0 0 0 0 000000 0 00 0 0 0 0 000 0 0 0 1 0 0 0 0 0 ; // 4953 V:155 C:238 
// CH_CLIENT_SEL_REG__pd_umac_cpu_tx 
 > tsetJTAG 1 0 0 1 X 1 1 1 1 000 0 0 0 0 001 0 1 0 00 1 1 0 0 000 00 000 000 0000 0000 000 0000 0 00 000 0000 0 0 0 0 0 0 0 0 0 0 0 0 000000 0 00 0 0 0 0 000 0 0 0 1 0 0 0 0 0 ; // 4974 V:156 C:239 
// CH_CLIENT_SEL_REG__pd_umac_soc_rx 
 > tsetJTAG 1 0 0 1 X 1 1 1 1 000 0 0 0 0 001 0 1 0 00 1 1 0 0 000 00 000 000 0000 0000 000 0000 0 00 000 0000 0 0 0 0 0 0 0 0 0 0 0 0 000000 0 00 0 0 0 0 000 0 0 0 1 0 0 0 0 0 ; // 4995 V:157 C:240 
// CH_CLIENT_SEL_REG__pd_wifi_phy_2g_misc 
 > tsetJTAG 1 0 0 1 X 1 1 1 1 000 0 0 0 0 001 0 1 0 00 1 1 0 0 000 00 000 000 0000 0000 000 0000 0 00 000 0000 0 0 0 0 0 0 0 0 0 0 0 0 000000 0 00 0 0 0 0 000 0 0 0 1 0 0 0 0 0 ; // 5016 V:158 C:241 
// CH_CLIENT_SEL_REG__pd_wifi_phy_2g_rx_be 
 > tsetJTAG 1 0 0 1 X 1 1 1 1 000 0 0 0 0 001 0 1 0 00 1 1 0 0 000 00 000 000 0000 0000 000 0000 0 00 000 0000 0 0 0 0 0 0 0 0 0 0 0 0 000000 0 00 0 0 0 0 000 0 0 0 1 0 0 0 0 0 ; // 5037 V:159 C:242 
// CH_CLIENT_SEL_REG__pd_wifi_phy_2g_rx_fd 
 > tsetJTAG 1 0 0 1 X 1 1 1 1 000 0 0 0 0 001 0 1 0 00 1 1 0 0 000 00 000 000 0000 0000 000 0000 0 00 000 0000 0 0 0 0 0 0 0 0 0 0 0 0 000000 0 00 0 0 0 0 000 0 0 0 1 0 0 0 0 0 ; // 5058 V:160 C:243 
// CH_CLIENT_SEL_REG__pd_wifi_phy_2g_rx_fe 
 > tsetJTAG 1 0 0 1 X 1 1 1 1 000 0 0 0 0 001 0 1 0 00 1 1 0 0 000 00 000 000 0000 0000 000 0000 0 00 000 0000 0 0 0 0 0 0 0 0 0 0 0 0 000000 0 00 0 0 0 0 000 0 0 0 1 0 0 0 0 0 ; // 5079 V:161 C:244 
// CH_CLIENT_SEL_REG__pd_wifi_phy_2g_tx 
 > tsetJTAG 1 0 0 1 X 1 1 1 1 000 0 0 0 0 001 0 1 0 00 1 1 0 0 000 00 000 000 0000 0000 000 0000 0 00 000 0000 0 0 0 0 0 0 0 0 0 0 0 0 000000 0 00 0 0 0 0 000 0 0 0 1 0 0 0 0 0 ; // 5100 V:162 C:245 
// CH_CLIENT_SEL_REG__pd_wifi_phy_5g_misc 
 > tsetJTAG 1 0 0 1 X 1 1 1 1 000 0 0 0 0 001 0 1 0 00 1 1 0 0 000 00 000 000 0000 0000 000 0000 0 00 000 0000 0 0 0 0 0 0 0 0 0 0 0 0 000000 0 00 0 0 0 0 000 0 0 0 1 0 0 0 0 0 ; // 5120 V:163 C:246 
// CH_CLIENT_SEL_REG__pd_wifi_phy_5g_rx_be 
 > tsetJTAG 1 0 0 1 X 1 1 1 1 000 0 0 0 0 001 0 1 0 00 1 1 0 0 000 00 000 000 0000 0000 000 0000 0 00 000 0000 0 0 0 0 0 0 0 0 0 0 0 0 000000 0 00 0 0 0 0 000 0 0 0 1 0 0 0 0 0 ; // 5141 V:164 C:247 
// CH_CLIENT_SEL_REG__pd_wifi_phy_5g_rx_fd 
 > tsetJTAG 1 0 0 1 X 1 1 1 1 000 0 0 0 0 001 0 1 0 00 1 1 0 0 000 00 000 000 0000 0000 000 0000 0 00 000 0000 0 0 0 0 0 0 0 0 0 0 0 0 000000 0 00 0 0 0 0 000 0 0 0 1 0 0 0 0 0 ; // 5162 V:165 C:248 
// CH_CLIENT_SEL_REG__pd_wifi_phy_5g_rx_fe 
 > tsetJTAG 1 0 0 1 X 1 1 1 1 000 0 0 0 0 001 0 1 0 00 1 1 0 0 000 00 000 000 0000 0000 000 0000 0 00 000 0000 0 0 0 0 0 0 0 0 0 0 0 0 000000 0 00 0 0 0 0 000 0 0 0 1 0 0 0 0 0 ; // 5183 V:166 C:249 
// CH_CLIENT_SEL_REG__pd_wifi_phy_5g_tx 
 > tsetJTAG 1 0 0 1 X 1 1 1 1 000 0 0 0 0 001 0 1 0 00 1 1 0 0 000 00 000 000 0000 0000 000 0000 0 00 000 0000 0 0 0 0 0 0 0 0 0 0 0 0 000000 0 00 0 0 0 0 000 0 0 0 1 0 0 0 0 0 ; // 5204 V:167 C:250 
// CH_CLIENT_SEL_REG__pd_wifi_phy_cmn 
 > tsetJTAG 1 0 0 1 X 1 1 1 1 000 0 0 0 0 001 0 1 0 00 1 1 0 0 000 00 000 000 0000 0000 000 0000 0 00 000 0000 0 0 0 0 0 0 0 0 0 0 0 0 000000 0 00 0 0 0 0 000 0 0 0 1 0 0 0 0 0 ; // 5225 V:168 C:251 
// CH_CLIENT_SEL_REG__pd_wifi_phy_scan 
 > tsetJTAG 1 0 0 1 X 1 1 1 1 000 0 0 0 0 001 0 1 0 00 1 1 0 0 000 00 000 000 0000 0000 000 0000 0 00 000 0000 0 0 0 0 0 0 0 0 0 0 0 0 000000 0 00 0 0 0 0 000 0 0 0 1 0 0 0 0 0 ; // 5246 V:169 C:252 
// CH_CLIENT_SEL_REG__pd_otp 
 > tsetJTAG 1 1 0 1 X 1 1 1 1 000 0 0 0 0 001 0 1 0 00 1 1 0 0 000 00 000 000 0000 0000 000 0000 0 00 000 0000 0 0 0 0 0 0 0 0 0 0 0 0 000000 0 00 0 0 0 0 000 0 0 0 1 0 0 0 0 0 ; // 5267 V:170 C:253 
// CH_CLIENT_SEL_REG__pd_nub 
 > tsetJTAG 1 0 0 1 X 1 1 1 1 000 0 0 0 0 001 0 1 0 00 1 1 0 0 000 00 000 000 0000 0000 000 0000 0 00 000 0000 0 0 0 0 0 0 0 0 0 0 0 0 000000 0 00 0 0 0 0 000 0 0 0 1 0 0 0 0 0 ; // 5288 V:171 C:254 
// CH_CLIENT_SEL_REG__pd_pmgr 
 > tsetJTAG 1 0 0 1 X 1 1 1 1 000 0 0 0 0 001 0 1 0 00 1 1 0 0 000 00 000 000 0000 0000 000 0000 0 00 000 0000 0 0 0 0 0 0 0 0 0 0 0 0 000000 0 00 0 0 0 0 000 0 0 0 1 0 0 0 0 0 ; // 5309 V:172 C:255 
// CH_CLIENT_SEL_REG__pd_arf 
 > tsetJTAG 1 0 0 1 X 1 1 1 1 000 0 0 0 0 001 0 1 0 00 1 1 0 0 000 00 000 000 0000 0000 000 0000 0 00 000 0000 0 0 0 0 0 0 0 0 0 0 0 0 000000 0 00 0 0 0 0 000 0 0 0 1 0 0 0 0 0 ; // 5330 V:173 C:256 
// CH_CLIENT_SEL_REG__pd_ccs 
 > tsetJTAG 1 0 1 1 X 1 1 1 1 000 0 0 0 0 001 0 1 0 00 1 1 0 0 000 00 000 000 0000 0000 000 0000 0 00 000 0000 0 0 0 0 0 0 0 0 0 0 0 0 000000 0 00 0 0 0 0 000 0 0 0 1 0 0 0 0 0 ; // 5350 V:174 C:257 
// CH_CLIENT_SEL_REG__chippads 
 > tsetJTAG 1 0 1 1 X 1 1 1 1 000 0 0 0 0 001 0 1 0 00 1 1 0 0 000 00 000 000 0000 0000 000 0000 0 00 000 0000 0 0 0 0 0 0 0 0 0 0 0 0 000000 0 00 0 0 0 0 000 0 0 0 1 0 0 0 0 0 ; // 5371 V:175 C:258 
 > tsetJTAG 1 0 0 1 X 1 1 1 1 000 0 0 0 0 001 0 1 0 00 1 1 0 0 000 00 000 000 0000 0000 000 0000 0 00 000 0000 0 0 0 0 0 0 0 0 0 0 0 0 000000 0 00 0 0 0 0 000 0 0 0 1 0 0 0 0 0 ; // 5392 V:176 C:259 
 > tsetJTAG 1 0 0 1 X 1 1 1 1 000 0 0 0 0 001 0 1 0 00 1 1 0 0 000 00 000 000 0000 0000 000 0000 0 00 000 0000 0 0 0 0 0 0 0 0 0 0 0 0 000000 0 00 0 0 0 0 000 0 0 0 1 0 0 0 0 0 ; // 5413 V:177 C:260 
 > tsetJTAG 1 0 0 1 X 1 1 1 1 000 0 0 0 0 001 0 1 0 00 1 1 0 0 000 00 000 000 0000 0000 000 0000 0 00 000 0000 0 0 0 0 0 0 0 0 0 0 0 0 000000 0 00 0 0 0 0 000 0 0 0 1 0 0 0 0 0 ; // 5434 V:178 C:261 
 > tsetJTAG 1 0 1 1 X 1 1 1 1 000 0 0 0 0 001 0 1 0 00 1 1 0 0 000 00 000 000 0000 0000 000 0000 0 00 000 0000 0 0 0 0 0 0 0 0 0 0 0 0 000000 0 00 0 0 0 0 000 0 0 0 1 0 0 0 0 0 ; // 5455 V:179 C:262 
 > tsetJTAG 1 0 1 1 X 1 1 1 1 000 0 0 0 0 001 0 1 0 00 1 1 0 0 000 00 000 000 0000 0000 000 0000 0 00 000 0000 0 0 0 0 0 0 0 0 0 0 0 0 000000 0 00 0 0 0 0 000 0 0 0 1 0 0 0 0 0 ; // 5476 V:180 C:263 
 > tsetJTAG 1 0 0 1 X 1 1 1 1 000 0 0 0 0 001 0 1 0 00 1 1 0 0 000 00 000 000 0000 0000 000 0000 0 00 000 0000 0 0 0 0 0 0 0 0 0 0 0 0 000000 0 00 0 0 0 0 000 0 0 0 1 0 0 0 0 0 ; // 5497 V:181 C:264 
 > tsetJTAG 1 0 0 1 X 1 1 1 1 000 0 0 0 0 001 0 1 0 00 1 1 0 0 000 00 000 000 0000 0000 000 0000 0 00 000 0000 0 0 0 0 0 0 0 0 0 0 0 0 000000 0 00 0 0 0 0 000 0 0 0 1 0 0 0 0 0 ; // 5518 V:182 C:265 
 > tsetJTAG 1 1 0 1 X 1 1 1 1 000 0 0 0 0 001 0 1 0 00 1 1 0 0 000 00 000 000 0000 0000 000 0000 0 00 000 0000 0 0 0 0 0 0 0 0 0 0 0 0 000000 0 00 0 0 0 0 000 0 0 0 1 0 0 0 0 0 ; // 5538 V:183 C:266 
repeat 6
 > tsetJTAG 1 0 0 1 X 1 1 1 1 000 0 0 0 0 001 0 1 0 00 1 1 0 0 000 00 000 000 0000 0000 000 0000 0 00 000 0000 0 0 0 0 0 0 0 0 0 0 0 0 000000 0 00 0 0 0 0 000 0 0 0 1 0 0 0 0 0 ; // 5559 V:184 C:267 
 > tsetJTAG 1 1 1 1 X 1 1 1 1 000 0 0 0 0 001 0 1 0 00 1 1 0 0 000 00 000 000 0000 0000 000 0000 0 00 000 0000 0 0 0 0 0 0 0 0 0 0 0 0 000000 0 00 0 0 0 0 000 0 0 0 1 0 0 0 0 0 ; // 5685 V:185 C:273 
 > tsetJTAG 1 0 1 1 X 1 1 1 1 000 0 0 0 0 001 0 1 0 00 1 1 0 0 000 00 000 000 0000 0000 000 0000 0 00 000 0000 0 0 0 0 0 0 0 0 0 0 0 0 000000 0 00 0 0 0 0 000 0 0 0 1 0 0 0 0 0 ; // 5706 V:186 C:274 
 > tsetJTAG 1 0 0 1 X 1 1 1 1 000 0 0 0 0 001 0 1 0 00 1 1 0 0 000 00 000 000 0000 0000 000 0000 0 00 000 0000 0 0 0 0 0 0 0 0 0 0 0 0 000000 0 00 0 0 0 0 000 0 0 0 1 0 0 0 0 0 ; // 5727 V:187 C:275 
 > tsetJTAG 1 0 0 1 X 1 1 1 1 000 0 0 0 0 001 0 1 0 00 1 1 0 0 000 00 000 000 0000 0000 000 0000 0 00 000 0000 0 0 0 0 0 0 0 0 0 0 0 0 000000 0 00 0 0 0 0 000 0 0 0 1 0 0 0 0 0 ; // 5748 V:188 C:276 
 > tsetJTAG 1 0 0 1 X 1 1 1 1 000 0 0 0 0 001 0 1 0 00 1 1 0 0 000 00 000 000 0000 0000 000 0000 0 00 000 0000 0 0 0 0 0 0 0 0 0 0 0 0 000000 0 00 0 0 0 0 000 0 0 0 1 0 0 0 0 0 ; // 5768 V:189 C:277 
 > tsetJTAG 1 0 1 1 X 1 1 1 1 000 0 0 0 0 001 0 1 0 00 1 1 0 0 000 00 000 000 0000 0000 000 0000 0 00 000 0000 0 0 0 0 0 0 0 0 0 0 0 0 000000 0 00 0 0 0 0 000 0 0 0 1 0 0 0 0 0 ; // 5789 V:190 C:278 
 > tsetJTAG 1 0 0 1 X 1 1 1 1 000 0 0 0 0 001 0 1 0 00 1 1 0 0 000 00 000 000 0000 0000 000 0000 0 00 000 0000 0 0 0 0 0 0 0 0 0 0 0 0 000000 0 00 0 0 0 0 000 0 0 0 1 0 0 0 0 0 ; // 5810 V:191 C:279 
 > tsetJTAG 1 0 0 1 X 1 1 1 1 000 0 0 0 0 001 0 1 0 00 1 1 0 0 000 00 000 000 0000 0000 000 0000 0 00 000 0000 0 0 0 0 0 0 0 0 0 0 0 0 000000 0 00 0 0 0 0 000 0 0 0 1 0 0 0 0 0 ; // 5831 V:192 C:280 
 > tsetJTAG 1 0 0 1 X 1 1 1 1 000 0 0 0 0 001 0 1 0 00 1 1 0 0 000 00 000 000 0000 0000 000 0000 0 00 000 0000 0 0 0 0 0 0 0 0 0 0 0 0 000000 0 00 0 0 0 0 000 0 0 0 1 0 0 0 0 0 ; // 5852 V:193 C:281 
// PD_NUB_WIR__WSOPIPE 
 > tsetJTAG 1 1 0 1 X 1 1 1 1 000 0 0 0 0 001 0 1 0 00 1 1 0 0 000 00 000 000 0000 0000 000 0000 0 00 000 0000 0 0 0 0 0 0 0 0 0 0 0 0 000000 0 00 0 0 0 0 000 0 0 0 1 0 0 0 0 0 ; // 5873 V:194 C:282 
// PD_NUB_WIR__dft_sel_wdr[0] 
 > tsetJTAG 1 1 0 1 X 1 1 1 1 000 0 0 0 0 001 0 1 0 00 1 1 0 0 000 00 000 000 0000 0000 000 0000 0 00 000 0000 0 0 0 0 0 0 0 0 0 0 0 0 000000 0 00 0 0 0 0 000 0 0 0 1 0 0 0 0 0 ; // 5894 V:195 C:283 
// PD_NUB_WIR__dft_sel_wdr[1] 
 > tsetJTAG 1 1 0 1 X 1 1 1 1 000 0 0 0 0 001 0 1 0 00 1 1 0 0 000 00 000 000 0000 0000 000 0000 0 00 000 0000 0 0 0 0 0 0 0 0 0 0 0 0 000000 0 00 0 0 0 0 000 0 0 0 1 0 0 0 0 0 ; // 5915 V:196 C:284 
// PD_NUB_WIR__dft_sel_wdr[2] 
 > tsetJTAG 1 0 0 1 X 1 1 1 1 000 0 0 0 0 001 0 1 0 00 1 1 0 0 000 00 000 000 0000 0000 000 0000 0 00 000 0000 0 0 0 0 0 0 0 0 0 0 0 0 000000 0 00 0 0 0 0 000 0 0 0 1 0 0 0 0 0 ; // 5936 V:197 C:285 
// PD_NUB_WIR__dft_sel_wdr[3] 
 > tsetJTAG 1 0 0 1 X 1 1 1 1 000 0 0 0 0 001 0 1 0 00 1 1 0 0 000 00 000 000 0000 0000 000 0000 0 00 000 0000 0 0 0 0 0 0 0 0 0 0 0 0 000000 0 00 0 0 0 0 000 0 0 0 1 0 0 0 0 0 ; // 5956 V:198 C:286 
// PD_NUB_WIR__dft_sel_wdr[4] 
 > tsetJTAG 1 0 0 1 X 1 1 1 1 000 0 0 0 0 001 0 1 0 00 1 1 0 0 000 00 000 000 0000 0000 000 0000 0 00 000 0000 0 0 0 0 0 0 0 0 0 0 0 0 000000 0 00 0 0 0 0 000 0 0 0 1 0 0 0 0 0 ; // 5977 V:199 C:287 
// PD_NUB_WIR__dft_sel_wdr[5] 
 > tsetJTAG 1 1 1 1 X 1 1 1 1 000 0 0 0 0 001 0 1 0 00 1 1 0 0 000 00 000 000 0000 0000 000 0000 0 00 000 0000 0 0 0 0 0 0 0 0 0 0 0 0 000000 0 00 0 0 0 0 000 0 0 0 1 0 0 0 0 0 ; // 5998 V:200 C:288 
// PD_NUB_WIR__dft_block_wdr_wrstn 
 > tsetJTAG 1 0 1 1 X 1 1 1 1 000 0 0 0 0 001 0 1 0 00 1 1 0 0 000 00 000 000 0000 0000 000 0000 0 00 000 0000 0 0 0 0 0 0 0 0 0 0 0 0 000000 0 00 0 0 0 0 000 0 0 0 1 0 0 0 0 0 ; // 6019 V:201 C:289 
 > tsetJTAG 1 0 0 1 X 1 1 1 1 000 0 0 0 0 001 0 1 0 00 1 1 0 0 000 00 000 000 0000 0000 000 0000 0 00 000 0000 0 0 0 0 0 0 0 0 0 0 0 0 000000 0 00 0 0 0 0 000 0 0 0 1 0 0 0 0 0 ; // 6040 V:202 C:290 
 > tsetJTAG 1 0 0 1 X 1 1 1 1 000 0 0 0 0 001 0 1 0 00 1 1 0 0 000 00 000 000 0000 0000 000 0000 0 00 000 0000 0 0 0 0 0 0 0 0 0 0 0 0 000000 0 00 0 0 0 0 000 0 0 0 1 0 0 0 0 0 ; // 6061 V:203 C:291 
 > tsetJTAG 1 0 0 1 X 1 1 1 1 000 0 0 0 0 001 0 1 0 00 1 1 0 0 000 00 000 000 0000 0000 000 0000 0 00 000 0000 0 0 0 0 0 0 0 0 0 0 0 0 000000 0 00 0 0 0 0 000 0 0 0 1 0 0 0 0 0 ; // 6082 V:204 C:292 
 > tsetJTAG 1 0 1 1 X 1 1 1 1 000 0 0 0 0 001 0 1 0 00 1 1 0 0 000 00 000 000 0000 0000 000 0000 0 00 000 0000 0 0 0 0 0 0 0 0 0 0 0 0 000000 0 00 0 0 0 0 000 0 0 0 1 0 0 0 0 0 ; // 6103 V:205 C:293 
 > tsetJTAG 1 0 1 1 X 1 1 1 1 000 0 0 0 0 001 0 1 0 00 1 1 0 0 000 00 000 000 0000 0000 000 0000 0 00 000 0000 0 0 0 0 0 0 0 0 0 0 0 0 000000 0 00 0 0 0 0 000 0 0 0 1 0 0 0 0 0 ; // 6124 V:206 C:294 
repeat 9
 > tsetJTAG 1 0 0 1 X 1 1 1 1 000 0 0 0 0 001 0 1 0 00 1 1 0 0 000 00 000 000 0000 0000 000 0000 0 00 000 0000 0 0 0 0 0 0 0 0 0 0 0 0 000000 0 00 0 0 0 0 000 0 0 0 1 0 0 0 0 0 ; // 6145 V:207 C:295 
 > tsetJTAG 1 1 1 1 X 1 1 1 1 000 0 0 0 0 001 0 1 0 00 1 1 0 0 000 00 000 000 0000 0000 000 0000 0 00 000 0000 0 0 0 0 0 0 0 0 0 0 0 0 000000 0 00 0 0 0 0 000 0 0 0 1 0 0 0 0 0 ; // 6333 V:208 C:304 
 > tsetJTAG 1 0 1 1 X 1 1 1 1 000 0 0 0 0 001 0 1 0 00 1 1 0 0 000 00 000 000 0000 0000 000 0000 0 00 000 0000 0 0 0 0 0 0 0 0 0 0 0 0 000000 0 00 0 0 0 0 000 0 0 0 1 0 0 0 0 0 ; // 6354 V:209 C:305 
 > tsetJTAG 1 0 0 1 X 1 1 1 1 000 0 0 0 0 001 0 1 0 00 1 1 0 0 000 00 000 000 0000 0000 000 0000 0 00 000 0000 0 0 0 0 0 0 0 0 0 0 0 0 000000 0 00 0 0 0 0 000 0 0 0 1 0 0 0 0 0 ; // 6374 V:210 C:306 
 > tsetJTAG 1 0 0 1 X 1 1 1 1 000 0 0 0 0 001 0 1 0 00 1 1 0 0 000 00 000 000 0000 0000 000 0000 0 00 000 0000 0 0 0 0 0 0 0 0 0 0 0 0 000000 0 00 0 0 0 0 000 0 0 0 1 0 0 0 0 0 ; // 6395 V:211 C:307 
 > tsetJTAG 1 0 0 1 X 1 1 1 1 000 0 0 0 0 001 0 1 0 00 1 1 0 0 000 00 000 000 0000 0000 000 0000 0 00 000 0000 0 0 0 0 0 0 0 0 0 0 0 0 000000 0 00 0 0 0 0 000 0 0 0 1 0 0 0 0 0 ; // 6416 V:212 C:308 
 > tsetJTAG 1 0 1 1 X 1 1 1 1 000 0 0 0 0 001 0 1 0 00 1 1 0 0 000 00 000 000 0000 0000 000 0000 0 00 000 0000 0 0 0 0 0 0 0 0 0 0 0 0 000000 0 00 0 0 0 0 000 0 0 0 1 0 0 0 0 0 ; // 6437 V:213 C:309 
 > tsetJTAG 1 0 0 1 X 1 1 1 1 000 0 0 0 0 001 0 1 0 00 1 1 0 0 000 00 000 000 0000 0000 000 0000 0 00 000 0000 0 0 0 0 0 0 0 0 0 0 0 0 000000 0 00 0 0 0 0 000 0 0 0 1 0 0 0 0 0 ; // 6458 V:214 C:310 
 > tsetJTAG 1 0 0 1 X 1 1 1 1 000 0 0 0 0 001 0 1 0 00 1 1 0 0 000 00 000 000 0000 0000 000 0000 0 00 000 0000 0 0 0 0 0 0 0 0 0 0 0 0 000000 0 00 0 0 0 0 000 0 0 0 1 0 0 0 0 0 ; // 6479 V:215 C:311 
 > tsetJTAG 1 0 0 1 X 1 1 1 1 000 0 0 0 0 001 0 1 0 00 1 1 0 0 000 00 000 000 0000 0000 000 0000 0 00 000 0000 0 0 0 0 0 0 0 0 0 0 0 0 000000 0 00 0 0 0 0 000 0 0 0 1 0 0 0 0 0 ; // 6500 V:216 C:312 
// EXTERNAL_WRSTN_PD_NUB_WDR__WSOPIPE 
 > tsetJTAG 1 0 0 1 X 1 1 1 1 000 0 0 0 0 001 0 1 0 00 1 1 0 0 000 00 000 000 0000 0000 000 0000 0 00 000 0000 0 0 0 0 0 0 0 0 0 0 0 0 000000 0 00 0 0 0 0 000 0 0 0 1 0 0 0 0 0 ; // 6521 V:217 C:313 
// EXTERNAL_WRSTN_PD_NUB_WDR__dft_clkctrl_wdr_wrstn 
 > tsetJTAG 1 0 0 1 X 1 1 1 1 000 0 0 0 0 001 0 1 0 00 1 1 0 0 000 00 000 000 0000 0000 000 0000 0 00 000 0000 0 0 0 0 0 0 0 0 0 0 0 0 000000 0 00 0 0 0 0 000 0 0 0 1 0 0 0 0 0 ; // 6542 V:218 C:314 
// EXTERNAL_WRSTN_PD_NUB_WDR__dsg_rings_1500_wrstn 
 > tsetJTAG 1 0 0 1 X 1 1 1 1 000 0 0 0 0 001 0 1 0 00 1 1 0 0 000 00 000 000 0000 0000 000 0000 0 00 000 0000 0 0 0 0 0 0 0 0 0 0 0 0 000000 0 00 0 0 0 0 000 0 0 0 1 0 0 0 0 0 ; // 6563 V:219 C:315 
// EXTERNAL_WRSTN_PD_NUB_WDR__dft_external_wdr_9_wrstn 
 > tsetJTAG 1 0 0 1 X 1 1 1 1 000 0 0 0 0 001 0 1 0 00 1 1 0 0 000 00 000 000 0000 0000 000 0000 0 00 000 0000 0 0 0 0 0 0 0 0 0 0 0 0 000000 0 00 0 0 0 0 000 0 0 0 1 0 0 0 0 0 ; // 6584 V:220 C:316 
// EXTERNAL_WRSTN_PD_NUB_WDR__dft_external_wdr_8_wrstn 
 > tsetJTAG 1 0 0 1 X 1 1 1 1 000 0 0 0 0 001 0 1 0 00 1 1 0 0 000 00 000 000 0000 0000 000 0000 0 00 000 0000 0 0 0 0 0 0 0 0 0 0 0 0 000000 0 00 0 0 0 0 000 0 0 0 1 0 0 0 0 0 ; // 6604 V:221 C:317 
// EXTERNAL_WRSTN_PD_NUB_WDR__dft_external_wdr_7_wrstn 
 > tsetJTAG 1 0 0 1 X 1 1 1 1 000 0 0 0 0 001 0 1 0 00 1 1 0 0 000 00 000 000 0000 0000 000 0000 0 00 000 0000 0 0 0 0 0 0 0 0 0 0 0 0 000000 0 00 0 0 0 0 000 0 0 0 1 0 0 0 0 0 ; // 6625 V:222 C:318 
// EXTERNAL_WRSTN_PD_NUB_WDR__dft_external_wdr_6_wrstn 
 > tsetJTAG 1 0 0 1 X 1 1 1 1 000 0 0 0 0 001 0 1 0 00 1 1 0 0 000 00 000 000 0000 0000 000 0000 0 00 000 0000 0 0 0 0 0 0 0 0 0 0 0 0 000000 0 00 0 0 0 0 000 0 0 0 1 0 0 0 0 0 ; // 6646 V:223 C:319 
// EXTERNAL_WRSTN_PD_NUB_WDR__dft_external_wdr_5_wrstn 
 > tsetJTAG 1 0 0 1 X 1 1 1 1 000 0 0 0 0 001 0 1 0 00 1 1 0 0 000 00 000 000 0000 0000 000 0000 0 00 000 0000 0 0 0 0 0 0 0 0 0 0 0 0 000000 0 00 0 0 0 0 000 0 0 0 1 0 0 0 0 0 ; // 6667 V:224 C:320 
// EXTERNAL_WRSTN_PD_NUB_WDR__dft_external_wdr_4_wrstn 
 > tsetJTAG 1 0 0 1 X 1 1 1 1 000 0 0 0 0 001 0 1 0 00 1 1 0 0 000 00 000 000 0000 0000 000 0000 0 00 000 0000 0 0 0 0 0 0 0 0 0 0 0 0 000000 0 00 0 0 0 0 000 0 0 0 1 0 0 0 0 0 ; // 6688 V:225 C:321 
// EXTERNAL_WRSTN_PD_NUB_WDR__dft_external_wdr_3_wrstn 
 > tsetJTAG 1 0 0 1 X 1 1 1 1 000 0 0 0 0 001 0 1 0 00 1 1 0 0 000 00 000 000 0000 0000 000 0000 0 00 000 0000 0 0 0 0 0 0 0 0 0 0 0 0 000000 0 00 0 0 0 0 000 0 0 0 1 0 0 0 0 0 ; // 6709 V:226 C:322 
// EXTERNAL_WRSTN_PD_NUB_WDR__dft_external_wdr_2_wrstn 
 > tsetJTAG 1 0 0 1 X 1 1 1 1 000 0 0 0 0 001 0 1 0 00 1 1 0 0 000 00 000 000 0000 0000 000 0000 0 00 000 0000 0 0 0 0 0 0 0 0 0 0 0 0 000000 0 00 0 0 0 0 000 0 0 0 1 0 0 0 0 0 ; // 6730 V:227 C:323 
// EXTERNAL_WRSTN_PD_NUB_WDR__dft_external_wdr_1_wrstn 
 > tsetJTAG 1 0 0 1 X 1 1 1 1 000 0 0 0 0 001 0 1 0 00 1 1 0 0 000 00 000 000 0000 0000 000 0000 0 00 000 0000 0 0 0 0 0 0 0 0 0 0 0 0 000000 0 00 0 0 0 0 000 0 0 0 1 0 0 0 0 0 ; // 6751 V:228 C:324 
// EXTERNAL_WRSTN_PD_NUB_WDR__dft_external_wdr_0_wrstn 
 > tsetJTAG 1 0 0 1 X 1 1 1 1 000 0 0 0 0 001 0 1 0 00 1 1 0 0 000 00 000 000 0000 0000 000 0000 0 00 000 0000 0 0 0 0 0 0 0 0 0 0 0 0 000000 0 00 0 0 0 0 000 0 0 0 1 0 0 0 0 0 ; // 6772 V:229 C:325 
// EXTERNAL_WRSTN_PD_NUB_WDR__dft_external_secure_wdr_1_wrstn 
 > tsetJTAG 1 0 0 1 X 1 1 1 1 000 0 0 0 0 001 0 1 0 00 1 1 0 0 000 00 000 000 0000 0000 000 0000 0 00 000 0000 0 0 0 0 0 0 0 0 0 0 0 0 000000 0 00 0 0 0 0 000 0 0 0 1 0 0 0 0 0 ; // 6792 V:230 C:326 
// EXTERNAL_WRSTN_PD_NUB_WDR__dft_external_secure_wdr_0_wrstn 
 > tsetJTAG 1 0 0 1 X 1 1 1 1 000 0 0 0 0 001 0 1 0 00 1 1 0 0 000 00 000 000 0000 0000 000 0000 0 00 000 0000 0 0 0 0 0 0 0 0 0 0 0 0 000000 0 00 0 0 0 0 000 0 0 0 1 0 0 0 0 0 ; // 6813 V:231 C:327 
// EXTERNAL_WRSTN_PD_NUB_WDR__dft_slave_wdr_19_wrstn 
 > tsetJTAG 1 0 0 1 X 1 1 1 1 000 0 0 0 0 001 0 1 0 00 1 1 0 0 000 00 000 000 0000 0000 000 0000 0 00 000 0000 0 0 0 0 0 0 0 0 0 0 0 0 000000 0 00 0 0 0 0 000 0 0 0 1 0 0 0 0 0 ; // 6834 V:232 C:328 
// EXTERNAL_WRSTN_PD_NUB_WDR__dft_slave_wdr_18_wrstn 
 > tsetJTAG 1 0 0 1 X 1 1 1 1 000 0 0 0 0 001 0 1 0 00 1 1 0 0 000 00 000 000 0000 0000 000 0000 0 00 000 0000 0 0 0 0 0 0 0 0 0 0 0 0 000000 0 00 0 0 0 0 000 0 0 0 1 0 0 0 0 0 ; // 6855 V:233 C:329 
// EXTERNAL_WRSTN_PD_NUB_WDR__dft_slave_wdr_17_wrstn 
 > tsetJTAG 1 0 0 1 X 1 1 1 1 000 0 0 0 0 001 0 1 0 00 1 1 0 0 000 00 000 000 0000 0000 000 0000 0 00 000 0000 0 0 0 0 0 0 0 0 0 0 0 0 000000 0 00 0 0 0 0 000 0 0 0 1 0 0 0 0 0 ; // 6876 V:234 C:330 
// EXTERNAL_WRSTN_PD_NUB_WDR__dft_slave_wdr_16_wrstn 
 > tsetJTAG 1 0 0 1 X 1 1 1 1 000 0 0 0 0 001 0 1 0 00 1 1 0 0 000 00 000 000 0000 0000 000 0000 0 00 000 0000 0 0 0 0 0 0 0 0 0 0 0 0 000000 0 00 0 0 0 0 000 0 0 0 1 0 0 0 0 0 ; // 6897 V:235 C:331 
// EXTERNAL_WRSTN_PD_NUB_WDR__dft_slave_wdr_15_wrstn 
 > tsetJTAG 1 0 0 1 X 1 1 1 1 000 0 0 0 0 001 0 1 0 00 1 1 0 0 000 00 000 000 0000 0000 000 0000 0 00 000 0000 0 0 0 0 0 0 0 0 0 0 0 0 000000 0 00 0 0 0 0 000 0 0 0 1 0 0 0 0 0 ; // 6918 V:236 C:332 
// EXTERNAL_WRSTN_PD_NUB_WDR__dft_slave_wdr_14_wrstn 
 > tsetJTAG 1 0 0 1 X 1 1 1 1 000 0 0 0 0 001 0 1 0 00 1 1 0 0 000 00 000 000 0000 0000 000 0000 0 00 000 0000 0 0 0 0 0 0 0 0 0 0 0 0 000000 0 00 0 0 0 0 000 0 0 0 1 0 0 0 0 0 ; // 6939 V:237 C:333 
// EXTERNAL_WRSTN_PD_NUB_WDR__dft_slave_wdr_13_wrstn 
 > tsetJTAG 1 0 0 1 X 1 1 1 1 000 0 0 0 0 001 0 1 0 00 1 1 0 0 000 00 000 000 0000 0000 000 0000 0 00 000 0000 0 0 0 0 0 0 0 0 0 0 0 0 000000 0 00 0 0 0 0 000 0 0 0 1 0 0 0 0 0 ; // 6960 V:238 C:334 
// EXTERNAL_WRSTN_PD_NUB_WDR__dft_slave_wdr_12_wrstn 
 > tsetJTAG 1 0 0 1 X 1 1 1 1 000 0 0 0 0 001 0 1 0 00 1 1 0 0 000 00 000 000 0000 0000 000 0000 0 00 000 0000 0 0 0 0 0 0 0 0 0 0 0 0 000000 0 00 0 0 0 0 000 0 0 0 1 0 0 0 0 0 ; // 6981 V:239 C:335 
// EXTERNAL_WRSTN_PD_NUB_WDR__dft_slave_wdr_11_wrstn 
 > tsetJTAG 1 0 0 1 X 1 1 1 1 000 0 0 0 0 001 0 1 0 00 1 1 0 0 000 00 000 000 0000 0000 000 0000 0 00 000 0000 0 0 0 0 0 0 0 0 0 0 0 0 000000 0 00 0 0 0 0 000 0 0 0 1 0 0 0 0 0 ; // 7002 V:240 C:336 
// EXTERNAL_WRSTN_PD_NUB_WDR__dft_slave_wdr_10_wrstn 
 > tsetJTAG 1 0 0 1 X 1 1 1 1 000 0 0 0 0 001 0 1 0 00 1 1 0 0 000 00 000 000 0000 0000 000 0000 0 00 000 0000 0 0 0 0 0 0 0 0 0 0 0 0 000000 0 00 0 0 0 0 000 0 0 0 1 0 0 0 0 0 ; // 7022 V:241 C:337 
// EXTERNAL_WRSTN_PD_NUB_WDR__dft_slave_wdr_9_wrstn 
 > tsetJTAG 1 0 0 1 X 1 1 1 1 000 0 0 0 0 001 0 1 0 00 1 1 0 0 000 00 000 000 0000 0000 000 0000 0 00 000 0000 0 0 0 0 0 0 0 0 0 0 0 0 000000 0 00 0 0 0 0 000 0 0 0 1 0 0 0 0 0 ; // 7043 V:242 C:338 
// EXTERNAL_WRSTN_PD_NUB_WDR__dft_slave_wdr_8_wrstn 
 > tsetJTAG 1 0 0 1 X 1 1 1 1 000 0 0 0 0 001 0 1 0 00 1 1 0 0 000 00 000 000 0000 0000 000 0000 0 00 000 0000 0 0 0 0 0 0 0 0 0 0 0 0 000000 0 00 0 0 0 0 000 0 0 0 1 0 0 0 0 0 ; // 7064 V:243 C:339 
// EXTERNAL_WRSTN_PD_NUB_WDR__dft_slave_wdr_7_wrstn 
 > tsetJTAG 1 0 0 1 X 1 1 1 1 000 0 0 0 0 001 0 1 0 00 1 1 0 0 000 00 000 000 0000 0000 000 0000 0 00 000 0000 0 0 0 0 0 0 0 0 0 0 0 0 000000 0 00 0 0 0 0 000 0 0 0 1 0 0 0 0 0 ; // 7085 V:244 C:340 
// EXTERNAL_WRSTN_PD_NUB_WDR__dft_slave_wdr_6_wrstn 
 > tsetJTAG 1 0 0 1 X 1 1 1 1 000 0 0 0 0 001 0 1 0 00 1 1 0 0 000 00 000 000 0000 0000 000 0000 0 00 000 0000 0 0 0 0 0 0 0 0 0 0 0 0 000000 0 00 0 0 0 0 000 0 0 0 1 0 0 0 0 0 ; // 7106 V:245 C:341 
// EXTERNAL_WRSTN_PD_NUB_WDR__dft_slave_wdr_5_wrstn 
 > tsetJTAG 1 0 0 1 X 1 1 1 1 000 0 0 0 0 001 0 1 0 00 1 1 0 0 000 00 000 000 0000 0000 000 0000 0 00 000 0000 0 0 0 0 0 0 0 0 0 0 0 0 000000 0 00 0 0 0 0 000 0 0 0 1 0 0 0 0 0 ; // 7127 V:246 C:342 
// EXTERNAL_WRSTN_PD_NUB_WDR__dft_slave_wdr_4_wrstn 
 > tsetJTAG 1 0 0 1 X 1 1 1 1 000 0 0 0 0 001 0 1 0 00 1 1 0 0 000 00 000 000 0000 0000 000 0000 0 00 000 0000 0 0 0 0 0 0 0 0 0 0 0 0 000000 0 00 0 0 0 0 000 0 0 0 1 0 0 0 0 0 ; // 7148 V:247 C:343 
// EXTERNAL_WRSTN_PD_NUB_WDR__dft_slave_wdr_3_wrstn 
 > tsetJTAG 1 0 0 1 X 1 1 1 1 000 0 0 0 0 001 0 1 0 00 1 1 0 0 000 00 000 000 0000 0000 000 0000 0 00 000 0000 0 0 0 0 0 0 0 0 0 0 0 0 000000 0 00 0 0 0 0 000 0 0 0 1 0 0 0 0 0 ; // 7169 V:248 C:344 
// EXTERNAL_WRSTN_PD_NUB_WDR__dft_slave_wdr_2_wrstn 
 > tsetJTAG 1 0 0 1 X 1 1 1 1 000 0 0 0 0 001 0 1 0 00 1 1 0 0 000 00 000 000 0000 0000 000 0000 0 00 000 0000 0 0 0 0 0 0 0 0 0 0 0 0 000000 0 00 0 0 0 0 000 0 0 0 1 0 0 0 0 0 ; // 7190 V:249 C:345 
// EXTERNAL_WRSTN_PD_NUB_WDR__dft_slave_wdr_1_wrstn 
 > tsetJTAG 1 1 1 1 X 1 1 1 1 000 0 0 0 0 001 0 1 0 00 1 1 0 0 000 00 000 000 0000 0000 000 0000 0 00 000 0000 0 0 0 0 0 0 0 0 0 0 0 0 000000 0 00 0 0 0 0 000 0 0 0 1 0 0 0 0 0 ; // 7210 V:250 C:346 
// EXTERNAL_WRSTN_PD_NUB_WDR__dft_slave_wdr_0_wrstn 
 > tsetJTAG 1 0 1 1 X 1 1 1 1 000 0 0 0 0 001 0 1 0 00 1 1 0 0 000 00 000 000 0000 0000 000 0000 0 00 000 0000 0 0 0 0 0 0 0 0 0 0 0 0 000000 0 00 0 0 0 0 000 0 0 0 1 0 0 0 0 0 ; // 7231 V:251 C:347 
repeat 13
 > tsetJTAG 1 0 0 1 X 1 1 1 1 000 0 0 0 0 001 0 1 0 00 1 1 0 0 000 00 000 000 0000 0000 000 0000 0 00 000 0000 0 0 0 0 0 0 0 0 0 0 0 0 000000 0 00 0 0 0 0 000 0 0 0 1 0 0 0 0 0 ; // 7252 V:252 C:348 
 > tsetJTAG 1 0 1 1 X 1 1 1 1 000 0 0 0 0 001 0 1 0 00 1 1 0 0 000 00 000 000 0000 0000 000 0000 0 00 000 0000 0 0 0 0 0 0 0 0 0 0 0 0 000000 0 00 0 0 0 0 000 0 0 0 1 0 0 0 0 0 ; // 7524 V:253 C:361 
 > tsetJTAG 1 0 1 1 X 1 1 1 1 000 0 0 0 0 001 0 1 0 00 1 1 0 0 000 00 000 000 0000 0000 000 0000 0 00 000 0000 0 0 0 0 0 0 0 0 0 0 0 0 000000 0 00 0 0 0 0 000 0 0 0 1 0 0 0 0 0 ; // 7545 V:254 C:362 
 > tsetJTAG 1 0 0 1 X 1 1 1 1 000 0 0 0 0 001 0 1 0 00 1 1 0 0 000 00 000 000 0000 0000 000 0000 0 00 000 0000 0 0 0 0 0 0 0 0 0 0 0 0 000000 0 00 0 0 0 0 000 0 0 0 1 0 0 0 0 0 ; // 7566 V:255 C:363 
 > tsetJTAG 1 0 0 1 X 1 1 1 1 000 0 0 0 0 001 0 1 0 00 1 1 0 0 000 00 000 000 0000 0000 000 0000 0 00 000 0000 0 0 0 0 0 0 0 0 0 0 0 0 000000 0 00 0 0 0 0 000 0 0 0 1 0 0 0 0 0 ; // 7587 V:256 C:364 
 > tsetJTAG 1 1 0 1 X 1 1 1 1 000 0 0 0 0 001 0 1 0 00 1 1 0 0 000 00 000 000 0000 0000 000 0000 0 00 000 0000 0 0 0 0 0 0 0 0 0 0 0 0 000000 0 00 0 0 0 0 000 0 0 0 1 0 0 0 0 0 ; // 7608 V:257 C:365 
repeat 6
 > tsetJTAG 1 0 0 1 X 1 1 1 1 000 0 0 0 0 001 0 1 0 00 1 1 0 0 000 00 000 000 0000 0000 000 0000 0 00 000 0000 0 0 0 0 0 0 0 0 0 0 0 0 000000 0 00 0 0 0 0 000 0 0 0 1 0 0 0 0 0 ; // 7628 V:258 C:366 
 > tsetJTAG 1 1 1 1 X 1 1 1 1 000 0 0 0 0 001 0 1 0 00 1 1 0 0 000 00 000 000 0000 0000 000 0000 0 00 000 0000 0 0 0 0 0 0 0 0 0 0 0 0 000000 0 00 0 0 0 0 000 0 0 0 1 0 0 0 0 0 ; // 7754 V:259 C:372 
 > tsetJTAG 1 0 1 1 X 1 1 1 1 000 0 0 0 0 001 0 1 0 00 1 1 0 0 000 00 000 000 0000 0000 000 0000 0 00 000 0000 0 0 0 0 0 0 0 0 0 0 0 0 000000 0 00 0 0 0 0 000 0 0 0 1 0 0 0 0 0 ; // 7775 V:260 C:373 
 > tsetJTAG 1 0 0 1 X 1 1 1 1 000 0 0 0 0 001 0 1 0 00 1 1 0 0 000 00 000 000 0000 0000 000 0000 0 00 000 0000 0 0 0 0 0 0 0 0 0 0 0 0 000000 0 00 0 0 0 0 000 0 0 0 1 0 0 0 0 0 ; // 7796 V:261 C:374 
 > tsetJTAG 1 0 0 1 X 1 1 1 1 000 0 0 0 0 001 0 1 0 00 1 1 0 0 000 00 000 000 0000 0000 000 0000 0 00 000 0000 0 0 0 0 0 0 0 0 0 0 0 0 000000 0 00 0 0 0 0 000 0 0 0 1 0 0 0 0 0 ; // 7817 V:262 C:375 
 > tsetJTAG 1 0 0 1 X 1 1 1 1 000 0 0 0 0 001 0 1 0 00 1 1 0 0 000 00 000 000 0000 0000 000 0000 0 00 000 0000 0 0 0 0 0 0 0 0 0 0 0 0 000000 0 00 0 0 0 0 000 0 0 0 1 0 0 0 0 0 ; // 7837 V:263 C:376 
 > tsetJTAG 1 0 1 1 X 1 1 1 1 000 0 0 0 0 001 0 1 0 00 1 1 0 0 000 00 000 000 0000 0000 000 0000 0 00 000 0000 0 0 0 0 0 0 0 0 0 0 0 0 000000 0 00 0 0 0 0 000 0 0 0 1 0 0 0 0 0 ; // 7858 V:264 C:377 
 > tsetJTAG 1 0 0 1 X 1 1 1 1 000 0 0 0 0 001 0 1 0 00 1 1 0 0 000 00 000 000 0000 0000 000 0000 0 00 000 0000 0 0 0 0 0 0 0 0 0 0 0 0 000000 0 00 0 0 0 0 000 0 0 0 1 0 0 0 0 0 ; // 7879 V:265 C:378 
 > tsetJTAG 1 0 0 1 X 1 1 1 1 000 0 0 0 0 001 0 1 0 00 1 1 0 0 000 00 000 000 0000 0000 000 0000 0 00 000 0000 0 0 0 0 0 0 0 0 0 0 0 0 000000 0 00 0 0 0 0 000 0 0 0 1 0 0 0 0 0 ; // 7900 V:266 C:379 
 > tsetJTAG 1 0 0 1 X 1 1 1 1 000 0 0 0 0 001 0 1 0 00 1 1 0 0 000 00 000 000 0000 0000 000 0000 0 00 000 0000 0 0 0 0 0 0 0 0 0 0 0 0 000000 0 00 0 0 0 0 000 0 0 0 1 0 0 0 0 0 ; // 7921 V:267 C:380 
// PD_NUB_WIR__WSOPIPE 
 > tsetJTAG 1 0 0 1 X 1 1 1 1 000 0 0 0 0 001 0 1 0 00 1 1 0 0 000 00 000 000 0000 0000 000 0000 0 00 000 0000 0 0 0 0 0 0 0 0 0 0 0 0 000000 0 00 0 0 0 0 000 0 0 0 1 0 0 0 0 0 ; // 7942 V:268 C:381 
// PD_NUB_WIR__dft_sel_wdr[0] 
 > tsetJTAG 1 0 0 1 X 1 1 1 1 000 0 0 0 0 001 0 1 0 00 1 1 0 0 000 00 000 000 0000 0000 000 0000 0 00 000 0000 0 0 0 0 0 0 0 0 0 0 0 0 000000 0 00 0 0 0 0 000 0 0 0 1 0 0 0 0 0 ; // 7963 V:269 C:382 
// PD_NUB_WIR__dft_sel_wdr[1] 
 > tsetJTAG 1 1 0 1 X 1 1 1 1 000 0 0 0 0 001 0 1 0 00 1 1 0 0 000 00 000 000 0000 0000 000 0000 0 00 000 0000 0 0 0 0 0 0 0 0 0 0 0 0 000000 0 00 0 0 0 0 000 0 0 0 1 0 0 0 0 0 ; // 7984 V:270 C:383 
// PD_NUB_WIR__dft_sel_wdr[2] 
 > tsetJTAG 1 1 0 1 X 1 1 1 1 000 0 0 0 0 001 0 1 0 00 1 1 0 0 000 00 000 000 0000 0000 000 0000 0 00 000 0000 0 0 0 0 0 0 0 0 0 0 0 0 000000 0 00 0 0 0 0 000 0 0 0 1 0 0 0 0 0 ; // 8005 V:271 C:384 
// PD_NUB_WIR__dft_sel_wdr[3] 
 > tsetJTAG 1 0 0 1 X 1 1 1 1 000 0 0 0 0 001 0 1 0 00 1 1 0 0 000 00 000 000 0000 0000 000 0000 0 00 000 0000 0 0 0 0 0 0 0 0 0 0 0 0 000000 0 00 0 0 0 0 000 0 0 0 1 0 0 0 0 0 ; // 8026 V:272 C:385 
// PD_NUB_WIR__dft_sel_wdr[4] 
 > tsetJTAG 1 1 0 1 X 1 1 1 1 000 0 0 0 0 001 0 1 0 00 1 1 0 0 000 00 000 000 0000 0000 000 0000 0 00 000 0000 0 0 0 0 0 0 0 0 0 0 0 0 000000 0 00 0 0 0 0 000 0 0 0 1 0 0 0 0 0 ; // 8046 V:273 C:386 
// PD_NUB_WIR__dft_sel_wdr[5] 
 > tsetJTAG 1 1 1 1 X 1 1 1 1 000 0 0 0 0 001 0 1 0 00 1 1 0 0 000 00 000 000 0000 0000 000 0000 0 00 000 0000 0 0 0 0 0 0 0 0 0 0 0 0 000000 0 00 0 0 0 0 000 0 0 0 1 0 0 0 0 0 ; // 8067 V:274 C:387 
// PD_NUB_WIR__dft_block_wdr_wrstn 
 > tsetJTAG 1 0 1 1 X 1 1 1 1 000 0 0 0 0 001 0 1 0 00 1 1 0 0 000 00 000 000 0000 0000 000 0000 0 00 000 0000 0 0 0 0 0 0 0 0 0 0 0 0 000000 0 00 0 0 0 0 000 0 0 0 1 0 0 0 0 0 ; // 8088 V:275 C:388 
repeat 8
 > tsetJTAG 1 0 0 1 X 1 1 1 1 000 0 0 0 0 001 0 1 0 00 1 1 0 0 000 00 000 000 0000 0000 000 0000 0 00 000 0000 0 0 0 0 0 0 0 0 0 0 0 0 000000 0 00 0 0 0 0 000 0 0 0 1 0 0 0 0 0 ; // 8109 V:276 C:389 
 > tsetJTAG 1 0 1 1 X 1 1 1 1 000 0 0 0 0 001 0 1 0 00 1 1 0 0 000 00 000 000 0000 0000 000 0000 0 00 000 0000 0 0 0 0 0 0 0 0 0 0 0 0 000000 0 00 0 0 0 0 000 0 0 0 1 0 0 0 0 0 ; // 8276 V:277 C:397 
 > tsetJTAG 1 0 1 1 X 1 1 1 1 000 0 0 0 0 001 0 1 0 00 1 1 0 0 000 00 000 000 0000 0000 000 0000 0 00 000 0000 0 0 0 0 0 0 0 0 0 0 0 0 000000 0 00 0 0 0 0 000 0 0 0 1 0 0 0 0 0 ; // 8297 V:278 C:398 
 > tsetJTAG 1 0 0 1 X 1 1 1 1 000 0 0 0 0 001 0 1 0 00 1 1 0 0 000 00 000 000 0000 0000 000 0000 0 00 000 0000 0 0 0 0 0 0 0 0 0 0 0 0 000000 0 00 0 0 0 0 000 0 0 0 1 0 0 0 0 0 ; // 8318 V:279 C:399 
 > tsetJTAG 1 0 0 1 X 1 1 1 1 000 0 0 0 0 001 0 1 0 00 1 1 0 0 000 00 000 000 0000 0000 000 0000 0 00 000 0000 0 0 0 0 0 0 0 0 0 0 0 0 000000 0 00 0 0 0 0 000 0 0 0 1 0 0 0 0 0 ; // 8339 V:280 C:400 
 > tsetJTAG 1 1 0 1 X 1 1 1 1 000 0 0 0 0 001 0 1 0 00 1 1 0 0 000 00 000 000 0000 0000 000 0000 0 00 000 0000 0 0 0 0 0 0 0 0 0 0 0 0 000000 0 00 0 0 0 0 000 0 0 0 1 0 0 0 0 0 ; // 8360 V:281 C:401 
repeat 5
 > tsetJTAG 1 0 0 1 X 1 1 1 1 000 0 0 0 0 001 0 1 0 00 1 1 0 0 000 00 000 000 0000 0000 000 0000 0 00 000 0000 0 0 0 0 0 0 0 0 0 0 0 0 000000 0 00 0 0 0 0 000 0 0 0 1 0 0 0 0 0 ; // 8381 V:282 C:402 
 > tsetJTAG 1 1 0 1 X 1 1 1 1 000 0 0 0 0 001 0 1 0 00 1 1 0 0 000 00 000 000 0000 0000 000 0000 0 00 000 0000 0 0 0 0 0 0 0 0 0 0 0 0 000000 0 00 0 0 0 0 000 0 0 0 1 0 0 0 0 0 ; // 8485 V:283 C:407 
 > tsetJTAG 1 1 1 1 X 1 1 1 1 000 0 0 0 0 001 0 1 0 00 1 1 0 0 000 00 000 000 0000 0000 000 0000 0 00 000 0000 0 0 0 0 0 0 0 0 0 0 0 0 000000 0 00 0 0 0 0 000 0 0 0 1 0 0 0 0 0 ; // 8506 V:284 C:408 
 > tsetJTAG 1 0 1 1 X 1 1 1 1 000 0 0 0 0 001 0 1 0 00 1 1 0 0 000 00 000 000 0000 0000 000 0000 0 00 000 0000 0 0 0 0 0 0 0 0 0 0 0 0 000000 0 00 0 0 0 0 000 0 0 0 1 0 0 0 0 0 ; // 8527 V:285 C:409 
 > tsetJTAG 1 0 0 1 X 1 1 1 1 000 0 0 0 0 001 0 1 0 00 1 1 0 0 000 00 000 000 0000 0000 000 0000 0 00 000 0000 0 0 0 0 0 0 0 0 0 0 0 0 000000 0 00 0 0 0 0 000 0 0 0 1 0 0 0 0 0 ; // 8548 V:286 C:410 
 > tsetJTAG 1 0 0 1 X 1 1 1 1 000 0 0 0 0 001 0 1 0 00 1 1 0 0 000 00 000 000 0000 0000 000 0000 0 00 000 0000 0 0 0 0 0 0 0 0 0 0 0 0 000000 0 00 0 0 0 0 000 0 0 0 1 0 0 0 0 0 ; // 8569 V:287 C:411 
 > tsetJTAG 1 0 0 1 X 1 1 1 1 000 0 0 0 0 001 0 1 0 00 1 1 0 0 000 00 000 000 0000 0000 000 0000 0 00 000 0000 0 0 0 0 0 0 0 0 0 0 0 0 000000 0 00 0 0 0 0 000 0 0 0 1 0 0 0 0 0 ; // 8590 V:288 C:412 
 > tsetJTAG 1 0 1 1 X 1 1 1 1 000 0 0 0 0 001 0 1 0 00 1 1 0 0 000 00 000 000 0000 0000 000 0000 0 00 000 0000 0 0 0 0 0 0 0 0 0 0 0 0 000000 0 00 0 0 0 0 000 0 0 0 1 0 0 0 0 0 ; // 8611 V:289 C:413 
 > tsetJTAG 1 0 0 1 X 1 1 1 1 000 0 0 0 0 001 0 1 0 00 1 1 0 0 000 00 000 000 0000 0000 000 0000 0 00 000 0000 0 0 0 0 0 0 0 0 0 0 0 0 000000 0 00 0 0 0 0 000 0 0 0 1 0 0 0 0 0 ; // 8632 V:290 C:414 
 > tsetJTAG 1 0 0 1 X 1 1 1 1 000 0 0 0 0 001 0 1 0 00 1 1 0 0 000 00 000 000 0000 0000 000 0000 0 00 000 0000 0 0 0 0 0 0 0 0 0 0 0 0 000000 0 00 0 0 0 0 000 0 0 0 1 0 0 0 0 0 ; // 8653 V:291 C:415 
 > tsetJTAG 1 1 1 1 X 1 1 1 1 000 0 0 0 0 001 0 1 0 00 1 1 0 0 000 00 000 000 0000 0000 000 0000 0 00 000 0000 0 0 0 0 0 0 0 0 0 0 0 0 000000 0 00 0 0 0 0 000 0 0 0 1 0 0 0 0 0 ; // 8674 V:292 C:416 
 > tsetJTAG 1 0 1 1 X 1 1 1 1 000 0 0 0 0 001 0 1 0 00 1 1 0 0 000 00 000 000 0000 0000 000 0000 0 00 000 0000 0 0 0 0 0 0 0 0 0 0 0 0 000000 0 00 0 0 0 0 000 0 0 0 1 0 0 0 0 0 ; // 8694 V:293 C:417 
 > tsetJTAG 1 0 0 1 X 1 1 1 1 000 0 0 0 0 001 0 1 0 00 1 1 0 0 000 00 000 000 0000 0000 000 0000 0 00 000 0000 0 0 0 0 0 0 0 0 0 0 0 0 000000 0 00 0 0 0 0 000 0 0 0 1 0 0 0 0 0 ; // 8715 V:294 C:418 
 > tsetJTAG 1 0 0 1 X 1 1 1 1 000 0 0 0 0 001 0 1 0 00 1 1 0 0 000 00 000 000 0000 0000 000 0000 0 00 000 0000 0 0 0 0 0 0 0 0 0 0 0 0 000000 0 00 0 0 0 0 000 0 0 0 1 0 0 0 0 0 ; // 8736 V:295 C:419